11, 30, 89, 97, 144, 399, 444, 447, 711, 765, 1133, 1374, 1630, 1917, 1980, 2096, 2123, 2279, 2403, 2471, 2530, 2551, 2771, 2784, 2806, 2810, 2859, 3049, 3125, 3183, 3233, 3300, 3424, 3502, 3551, 3626, 3768, 3788, 3881, 3893, 3962, 4205, 4611, 4661, 4872, 4955, 5128, 5325, 5333, 5429, 5476, 5641, 5891, 5924, 5968, 6014, 6022, 6045, 6052, 6256, 6258, 6319, 6445, 6464, 6542, 6558, 6603, 6761, 6769, 6811, 6911, 6936, 6949, 7110, 7164, 7302, 7344, 7426, 7441, 7597, 7798, 7820, 8089, 8219, 8296, 8401, 8452, 8474, 8505, 8589, 8656, 8732, 8790, 8845, 9079, 9119, 9469, 9585, 9740, 9967
34, 285, 467, 471, 814, 1368, 1400, 1453, 1494, 1522, 1528, 1551, 1574, 1588, 1668, 1829, 2072, 2283, 2370, 2499, 2533, 2573, 2667, 2675, 2805, 2905, 2919, 2978, 3071, 3132, 3218, 3257, 3298, 3616, 3730, 3748, 3829, 4250, 4435, 4516, 4581, 4583, 4641, 4654, 4677, 4681, 4695, 4854, 4954, 5107, 5273, 5440, 5459, 5534, 5668, 5670, 5704, 5719, 5745, 5830, 6556, 6605, 6638, 6686, 6755, 6987, 7029, 7084, 7255, 7524, 7595, 7603, 7921, 8079, 8115, 8182, 8289, 8301, 8407, 8721, 8760, 8777, 8830, 8838, 8843, 8954, 9018, 9106, 9201, 9301, 9367, 9444, 9564, 9615, 9647, 9842, 9881, 9914, 9916, 9924
114, 189, 288, 356, 399, 522, 556, 732, 799, 898, 954, 1042, 1089, 1186, 1448, 1528, 1644, 1691, 1698, 1745, 1760, 1842, 1964, 1990, 2216, 2251, 2414, 2648, 2674, 2827, 2845, 2854, 3067, 3114, 3128, 3396, 3412, 3758, 3778, 3828, 4046, 4064, 4100, 4123, 4376, 4464, 4518, 4574, 4738, 4871, 4991, 5246, 5323, 5437, 5542, 5916, 5955, 6061, 6067, 6152, 6274, 6277, 6316, 6406, 6613, 6679, 6755, 6859, 6901, 7007, 7068, 7184, 7319, 7375, 7452, 7540, 7567, 7585, 7594, 7627, 7804, 7872, 7901, 8064, 8218, 8690, 8843, 8922, 8923, 9011, 9434, 9564, 9600, 9606, 9621, 9660, 9717, 9787, 9974, 9989
30, 39, 498, 578, 843, 889, 934, 944, 1113, 1128, 1178, 1188, 1193, 1433, 1434, 1495, 1534, 1538, 1561, 1586, 1598, 1617, 1918, 2001, 2082, 2087, 2120, 2164, 2429, 2528, 2619, 2686, 2711, 2811, 2915, 2989, 3043, 3186, 3191, 3216, 3269, 3639, 3682, 3799, 3847, 3896, 4229, 4230, 4241, 4281, 4413, 4490, 4500, 4671, 4691, 4707, 4710, 4816, 5009, 5014, 5053, 5164, 5180, 5188, 5197, 5437, 5676, 5829, 5863, 6003, 6392, 6559, 6772, 6933, 6959, 7074, 7211, 7227, 7311, 7489, 7540, 7607, 7870, 7949, 8127, 8193, 8249, 8362, 8538, 8594, 8628, 8647, 8668, 8943, 9238, 9390, 9483, 9594, 9678, 9911
138, 288, 347, 518, 533, 567, 680, 688, 734, 1006, 1018, 1142, 1304, 1377, 1440, 1510, 1601, 1617, 1716, 1837, 2041, 2211, 2302, 2421, 2604, 2693, 2741, 3064, 3099, 3110, 3198, 3206, 3266, 3390, 3488, 3629, 3661, 4154, 4161, 4254, 4612, 4661, 4835, 5050, 5061, 5083, 5158, 5164, 5428, 5569, 5695, 5761, 5773, 5860, 5862, 5880, 5990, 6020, 6051, 6154, 6248, 6510, 7086, 7219, 7426, 7468, 7574, 7675, 7803, 7915, 7951, 7956, 7969, 8288, 8451, 8480, 8482, 8486, 8500, 8759, 8789, 8837, 8914, 9006, 9054, 9063, 9079, 9199, 9205, 9304, 9358, 9369, 9370, 9403, 9473, 9539, 9604, 9714, 9777, 9993
204, 245, 258, 273, 274, 288, 368, 448, 563, 587, 682, 689, 985, 1026, 1260, 1305, 1356, 1381, 1392, 1502, 1520, 2167, 2200, 2259, 2312, 2332, 2388, 2394, 2535, 2579, 2621, 2794, 2835, 3216, 3247, 3282, 3298, 3399, 3425, 3452, 3876, 3980, 4025, 4266, 4342, 4380, 4428, 4434, 4887, 5051, 5270, 5377, 5456, 6160, 6280, 6411, 6512, 6672, 6744, 6756, 6860, 6910, 6958, 6961, 7070, 7094, 7180, 7331, 7442, 7553, 7664, 7912, 7967, 8010, 8042, 8135, 8369, 8493, 8524, 8596, 8625, 8848, 8923, 8956, 9031, 9082, 9140, 9141, 9259, 9361, 9521, 9530, 9532, 9551, 9682, 9779, 9836, 9913, 9948, 9957
48, 131, 262, 271, 481, 717, 725, 855, 906, 992, 1141, 1172, 1179, 1271, 1378, 1480, 1568, 1765, 1795, 2023, 2057, 2106, 2271, 2281, 2314, 2438, 2453, 2555, 2625, 2723, 2764, 2813, 2924, 2943, 2990, 3030, 3077, 3090, 3189, 3242, 3312, 3400, 3417, 3451, 3601, 3654, 3884, 3944, 4007, 4083, 4157, 4283, 4392, 4408, 4426, 4478, 4555, 4728, 4816, 4913, 5153, 5425, 5526, 5600, 5610, 6093, 6125, 6167, 6334, 6340, 6343, 6344, 6383, 6478, 6625, 6643, 6725, 6747, 6754, 6979, 7236, 7533, 7544, 7836, 8047, 8194, 8389, 8506, 8574, 8614, 8840, 8855, 8955, 9040, 9113, 9121, 9674, 9751, 9868, 9875
5, 179, 366, 444, 535, 596, 679, 723, 779, 884, 1080, 1168, 1559, 1639, 1785, 1858, 1907, 1984, 1997, 2153, 2323, 2473, 2924, 2928, 2935, 3003, 3005, 3144, 3154, 3177, 3591, 3903, 3934, 3976, 3983, 4006, 4059, 4096, 4131, 4164, 4250, 4265, 4297, 4357, 4491, 4509, 4614, 4681, 4728, 4801, 4889, 5162, 5239, 5307, 5308, 5447, 5482, 6030, 6037, 6088, 6105, 6160, 6195, 6281, 6370, 6411, 6594, 6655, 6663, 6792, 6880, 6974, 7152, 7224, 7264, 7477, 7564, 7734, 7912, 8051, 8313, 8397, 8429, 8598, 8718, 8837, 8863, 9092, 9098, 9141, 9184, 9262, 9292, 9408, 9413, 9491, 9591, 9936, 9946, 9986
96, 218, 393, 453, 624, 695, 982, 1042, 1323, 1442, 1549, 1679, 1925, 2145, 2183, 2204, 2231, 2385, 2527, 2572, 2674, 2858, 2991, 2995, 3018, 3174, 3261, 3380, 3600, 3657, 3663, 3756, 3843, 3860, 3878, 3932, 4004, 4048, 4050, 4097, 4322, 4362, 4373, 4739, 4759, 4787, 4859, 4886, 4895, 4908, 4918, 4945, 5046, 5065, 5105, 5394, 5534, 5559, 5561, 5587, 5604, 5830, 5930, 5936, 6080, 6132, 6155, 6413, 6490, 6702, 6797, 7007, 7084, 7342, 7509, 7582, 7779, 7879, 8003, 8051, 8097, 8239, 8338, 8384, 8430, 8469, 8615, 8720, 8861, 8973, 8986, 9040, 9103, 9418, 9498, 9515, 9643, 9720, 9820, 9948
102, 129, 166, 199, 297, 336, 356, 393, 491, 502, 577, 585, 808, 1029, 1094, 1099, 1395, 1423, 1437, 1463, 1558, 1571, 1793, 1882, 1928, 2117, 2121, 2232, 2240, 2372, 2522, 2859, 2930, 2948, 2976, 3182, 3223, 3277, 3278, 3432, 3472, 3524, 3541, 3599, 3657, 3766, 3937, 3956, 4175, 4317, 4503, 4574, 4591, 4909, 4974, 5003, 5090, 5100, 5127, 5155, 5415, 5554, 5690, 5730, 5748, 5767, 6032, 6041, 6281, 6477, 6513, 6532, 6564, 6670, 6701, 6843, 6846, 6873, 6888, 7015, 7050, 7264, 7378, 7880, 7983, 8137, 8303, 8310, 8326, 8544, 8699, 8722, 8773, 9032, 9055, 9192, 9496, 9536, 9540, 9620
83, 202, 282, 432, 436, 601, 634, 775, 943, 1008, 1040, 1285, 1311, 1349, 1405, 1469, 1478, 1518, 1642, 1798, 1926, 1935, 2085, 2205, 2258, 2259, 2300, 2382, 2444, 2567, 2590, 2619, 2663, 2706, 2739, 2833, 3034, 3105, 3108, 3179, 3695, 3811, 3862, 4070, 4178, 4411, 4569, 4618, 4627, 4735, 4755, 4822, 5058, 5296, 5341, 5366, 5600, 5737, 5738, 6183, 6239, 6284, 6572, 6591, 6875, 6994, 7089, 7112, 7213, 7248, 7267, 7373, 7414, 7447, 7529, 7531, 7772, 7790, 7957, 8018, 8319, 8535, 8537, 8585, 8690, 8839, 8945, 8974, 9048, 9103, 9152, 9240, 9382, 9507, 9551, 9557, 9597, 9719, 9774, 9984
136, 160, 356, 365, 584, 686, 699, 740, 745, 818, 894, 942, 1075, 1127, 1220, 1396, 1453, 1467, 1493, 1712, 1836, 1932, 2017, 2096, 2105, 2505, 2554, 2598, 2706, 3023, 3049, 3180, 3297, 3411, 3418, 3515, 3870, 4078, 4323, 4412, 4629, 4727, 4790, 5017, 5126, 5264, 5416, 5487, 5497, 5519, 5556, 5626, 5824, 5857, 5876, 5925, 5943, 6012, 6025, 6129, 6156, 6198, 6397, 6813, 6823, 6840, 6879, 6934, 6964, 6978, 6982, 7132, 7183, 7399, 7573, 7605, 7810, 8004, 8086, 8365, 8387, 8393, 8440, 8454, 8511, 8587, 8649, 8678, 8985, 9175, 9262, 9420, 9441, 9547, 9636, 9649, 9687, 9728, 9900, 9993
38, 182, 323, 554, 682, 712, 722, 743, 791, 900, 937, 1053, 1082, 1224, 1329, 1536, 1753, 1848, 1947, 1971, 2034, 2190, 2226, 2243, 2329, 2465, 2536, 2569, 2601, 2677, 2782, 2810, 3028, 3145, 3423, 3427, 3468, 3506, 3525, 3584, 3585, 3599, 3654, 3797, 3885, 3962, 3991, 4085, 4485, 4621, 4662, 4750, 4809, 5252, 5535, 5604, 5632, 5805, 5891, 6113, 6126, 6133, 6182, 6273, 6436, 6535, 6570, 6595, 6599, 6614, 6669, 6790, 6869, 6980, 7014, 7093, 7583, 7618, 7721, 7743, 7811, 7854, 7871, 7945, 8006, 8039, 8114, 8207, 8495, 8813, 8829, 9150, 9395, 9480, 9535, 9659, 9800, 9804, 9892, 9933
31, 38, 58, 87, 218, 230, 296, 626, 629, 696, 780, 786, 881, 945, 968, 1018, 1050, 1051, 1059, 1103, 1155, 1348, 1378, 1534, 1620, 1644, 1709, 1737, 1753, 1815, 1876, 2084, 2178, 2240, 2337, 2536, 2555, 2752, 2753, 2839, 2945, 2989, 2990, 3077, 3238, 3352, 3368, 3691, 3725, 3928, 4216, 4290, 4433, 4545, 4596, 4713, 4853, 4879, 5093, 5227, 5230, 5571, 5578, 5661, 5711, 5892, 5976, 6039, 6171, 6463, 6530, 6686, 6966, 7018, 7064, 7130, 7261, 7328, 7373, 7423, 7650, 7731, 8014, 8295, 8508, 8724, 8739, 8744, 9279, 9292, 9316, 9359, 9446, 9512, 9691, 9796, 9870, 9886, 9906, 9924
32, 84, 233, 272, 321, 419, 634, 679, 885, 923, 993, 995, 1134, 1232, 1336, 1378, 1435, 1514, 1551, 1621, 1643, 1814, 1959, 2140, 2331, 2532, 2650, 2739, 2775, 2796, 2946, 3117, 3170, 3171, 3304, 3317, 3335, 3412, 3701, 4027, 4041, 4072, 4080, 4195, 4213, 4220, 4243, 4359, 4723, 4726, 4941, 5104, 5144, 5148, 5160, 5346, 5386, 5430, 5505, 5687, 5735, 5744, 5839, 5953, 6294, 6366, 6449, 6562, 6596, 6961, 7004, 7036, 7142, 7405, 7438, 7498, 7537, 7546, 7560, 7597, 7635, 7752, 7772, 7879, 7914, 8072, 8257, 8281, 8381, 8652, 8791, 9005, 9008, 9015, 9165, 9199, 9275, 9538, 9866, 9955
123, 342, 383, 494, 527, 646, 656, 796, 966, 1086, 1114, 1121, 1170, 1192, 1282, 1418, 1578, 1648, 1658, 1661, 1676, 1680, 1711, 1728, 1797, 1825, 2013, 2027, 2114, 2172, 2181, 2422, 2435, 2473, 2793, 2942, 2974, 3045, 3197, 3282, 3297, 3547, 3580, 4060, 4116, 4134, 4143, 4146, 4192, 4502, 4677, 4680, 5126, 5135, 5247, 5313, 5365, 5402, 5419, 5565, 5590, 5605, 5741, 5928, 6169, 6422, 6548, 6636, 6776, 6796, 6856, 6880, 6907, 6986, 7036, 7167, 7171, 7377, 7387, 7397, 7479, 7534, 7678, 7731, 7905, 8020, 8038, 8053, 8145, 8391, 8410, 8484, 8709, 9065, 9175, 9592, 9633, 9837, 9922, 9982
2, 33, 50, 84, 130, 138, 188, 213, 279, 298, 370, 375, 391, 525, 712, 799, 882, 1105, 1482, 1537, 1701, 1802, 1958, 1985, 2222, 2416, 2417, 2463, 2491, 2537, 3084, 3109, 3156, 3223, 3310, 3375, 3394, 3491, 3684, 3805, 3854, 3910, 4107, 4228, 4353, 4504, 4644, 4695, 4717, 4899, 4924, 4958, 5045, 5133, 5505, 5591, 5748, 5786, 5870, 5925, 6255, 6592, 6731, 6768, 6774, 6816, 6888, 6896, 6948, 6957, 6999, 7018, 7046, 7142, 7190, 7305, 7395, 7419, 7515, 7905, 7968, 7974, 8297, 8345, 8409, 8540, 8580, 8741, 9005, 9032, 9073, 9088, 9181, 9451, 9554, 9662, 9815, 9849, 9878, 9996
135, 166, 209, 269, 272, 309, 350, 364, 589, 699, 776, 784, 796, 1491, 1501, 1751, 2071, 2171, 2228, 2260, 2546, 2690, 2765, 3007, 3096, 3242, 3254, 3409, 3513, 3757, 3792, 3848, 3921, 3953, 3959, 4056, 4255, 4363, 4477, 4501, 4690, 4722, 4736, 4974, 4979, 5010, 5202, 5303, 5391, 5409, 5478, 5702, 5749, 5932, 6003, 6010, 6018, 6032, 6042, 6272, 6308, 6331, 6435, 6558, 6568, 6761, 6804, 7071, 7478, 7617, 7640, 7779, 8112, 8250, 8275, 8291, 8527, 8686, 8725, 8729, 8786, 8858, 8999, 9001, 9005, 9087, 9143, 9203, 9372, 9395, 9423, 9450, 9483, 9491, 9780, 9949, 9950, 9960, 9964, 9974
32, 80, 105, 212, 249, 380, 498, 503, 574, 708, 747, 774, 1227, 1238, 1318, 1370, 1404, 1499, 1647, 1925, 2148, 2318, 2406, 2463, 2935, 2970, 3299, 3378, 3562, 3692, 3704, 3741, 3841, 3935, 4095, 4164, 4329, 4393, 4618, 4663, 4726, 4923, 4967, 4970, 5001, 5068, 5238, 5266, 5382, 5441, 5595, 5609, 5806, 5856, 5871, 6029, 6134, 6176, 6180, 6252, 6254, 6259, 6265, 6370, 6430, 6445, 6524, 6539, 6622, 6736, 6772, 6785, 6787, 7055, 7333, 7340, 7396, 7544, 7567, 7682, 7906, 8162, 8261, 8271, 8298, 8394, 8536, 8883, 8917, 8949, 8957, 9089, 9188, 9249, 9285, 9718, 9719, 9799, 9888, 9933
151, 255, 344, 496, 519, 1088, 1134, 1204, 1286, 1335, 1365, 1441, 1496, 1525, 1560, 1805, 1835, 2002, 2071, 2231, 2477, 2530, 2601, 2621, 2751, 2802, 2889, 3200, 3214, 3226, 3273, 3391, 3473, 3482, 3640, 3674, 3774, 3786, 3787, 3829, 4009, 4097, 4222, 4488, 4497, 4542, 4620, 4714, 4775, 4901, 4909, 5277, 5372, 5409, 5560, 5841, 5990, 6149, 6221, 6235, 6252, 6289, 6348, 6524, 6584, 6596, 6686, 6690, 6825, 6938, 7027, 7176, 7507, 7560, 8044, 8326, 8357, 8432, 8452, 8517, 8545, 8589, 8813, 8910, 8935, 8954, 9016, 9167, 9202, 9214, 9270, 9305, 9337, 9416, 9537, 9611, 9679, 9806, 9815, 9993
153, 193, 274, 362, 409, 512, 532, 595, 662, 771, 941, 991, 1050, 1061, 1090, 1284, 1440, 1521, 1622, 1773, 1791, 2009, 2134, 2300, 2452, 2468, 2614, 2908, 3319, 3586, 3615, 3632, 3742, 3866, 4057, 4136, 4526, 4831, 4898, 4975, 5049, 5128, 5172, 5253, 5334, 5418, 5434, 5439, 5612, 5721, 5927, 5978, 6030, 6061, 6076, 6211, 6274, 6350, 6417, 6450, 6536, 6683, 6729, 7203, 7477, 7486, 7491, 7497, 7583, 7646, 7682, 7701, 7720, 7726, 7730, 7753, 7899, 7932, 8145, 8169, 8324, 8488, 8902, 8920, 9056, 9129, 9140, 9160, 9161, 9300, 9433, 9473, 9686, 9710, 9720, 9764, 9785, 9812, 9884, 9950
108, 229, 363, 364, 390, 465, 523, 540, 667, 668, 685, 774, 829, 1016, 1062, 1174, 1274, 1279, 1329, 1345, 1457, 1478, 1556, 1594, 1804, 1963, 2286, 2332, 2396, 2448, 2532, 2549, 2606, 2657, 3354, 3397, 3418, 3421, 3470, 3555, 3810, 3894, 3909, 3997, 4039, 4318, 4690, 4723, 4821, 4953, 5084, 5143, 5173, 5235, 5280, 5334, 5424, 5449, 5493, 5632, 5870, 5886, 5932, 5966, 6096, 6103, 6106, 6228, 6293, 6403, 6431, 6439, 6455, 6486, 6821, 7006, 7027, 7094, 7437, 7554, 7679, 7748, 7834, 8032, 8048, 8360, 8493, 8496, 8607, 8646, 8818, 8839, 8978, 9135, 9342, 9403, 9452, 9613, 9658, 9659
145, 233, 290, 373, 507, 511, 576, 728, 867, 996, 1033, 1172, 1320, 1478, 1809, 1837, 1986, 2001, 2074, 2134, 2214, 2246, 2295, 2309, 2401, 2605, 2697, 2768, 2816, 2849, 2930, 3020, 3039, 3164, 3182, 3305, 3452, 3532, 3570, 3708, 3787, 3855, 3882, 4096, 4149, 4205, 4322, 4425, 4728, 4786, 4863, 4880, 4984, 5053, 5084, 5144, 5374, 5497, 5554, 5853, 6040, 6058, 6100, 6168, 6182, 6212, 6234, 6299, 6500, 6523, 6612, 6727, 6846, 7085, 7125, 7273, 7428, 7447, 7453, 7515, 7658, 7997, 8112, 8223, 8412, 8673, 8805, 8826, 9024, 9166, 9271, 9318, 9321, 9341, 9375, 9411, 9511, 9582, 9681, 9879
94, 98, 311, 417, 422, 438, 548, 760, 790, 795, 850, 1086, 1088, 1094, 1457, 1469, 1544, 1556, 1609, 1614, 1710, 1963, 2020, 2271, 2277, 2331, 2423, 2439, 2721, 2735, 2760, 2983, 3044, 3163, 3172, 3256, 3658, 3854, 3856, 3934, 3979, 4110, 4185, 4383, 4512, 4645, 4745, 4753, 4758, 5035, 5228, 5391, 5433, 5683, 5698, 5832, 5890, 5960, 6163, 6215, 6297, 6593, 6601, 6642, 6737, 6742, 6786, 6789, 7062, 7139, 7269, 7280, 7532, 7536, 7601, 7648, 7678, 7752, 7857, 7917, 7952, 7997, 8053, 8058, 8184, 8425, 8477, 8854, 8909, 8953, 9002, 9020, 9217, 9230, 9334, 9530, 9627, 9725, 9957, 9982
13, 288, 389, 503, 509, 890, 1040, 1211, 1230, 1277, 1320, 1505, 1726, 1880, 2073, 2134, 2219, 2226, 2279, 2399, 2464, 2478, 2536, 2597, 3049, 3081, 3113, 3144, 3617, 3752, 3917, 4026, 4032, 4043, 4083, 4215, 4303, 4326, 4374, 4398, 4409, 4760, 4850, 4855, 4932, 4988, 4993, 5051, 5128, 5183, 5251, 5310, 5382, 5417, 5468, 5496, 5962, 6097, 6524, 6620, 6667, 6694, 6801, 6879, 6886, 6923, 7072, 7196, 7217, 7322, 7335, 7423, 7437, 7452, 7522, 7591, 7595, 7645, 7691, 7798, 7806, 7897, 7916, 8022, 8150, 8158, 8284, 8303, 8332, 8360, 8366, 8370, 8439, 8644, 8931, 8936, 9074, 9209, 9449, 9774
3, 76, 434, 465, 504, 551, 759, 806, 818, 840, 994, 1005, 1087, 1243, 1244, 1383, 1485, 1618, 1692, 1896, 2098, 2149, 2189, 2282, 2482, 2781, 2797, 3312, 3322, 3336, 3437, 3476, 3568, 3989, 4021, 4123, 4157, 4305, 4337, 4348, 4360, 4496, 4593, 4728, 4827, 4845, 4966, 5095, 5185, 5276, 5302, 5328, 5403, 5430, 5432, 5458, 5843, 5845, 5890, 5898, 6054, 6113, 6211, 6508, 6530, 6688, 6760, 6839, 6998, 7063, 7068, 7509, 7550, 7699, 7749, 7849, 7891, 8037, 8049, 8074, 8183, 8267, 8598, 8877, 8913, 8931, 8941, 9016, 9044, 9309, 9349, 9456, 9485, 9555, 9694, 9754, 9900, 9934, 9968, 9993
57, 177, 341, 370, 438, 586, 726, 808, 1360, 1630, 1765, 1814, 2004, 2132, 2259, 2271, 2357, 2528, 2546, 2613, 2684, 2888, 2965, 3089, 3177, 3222, 3238, 3327, 3341, 3377, 3436, 3488, 3546, 3550, 3611, 3668, 3687, 3967, 4100, 4290, 4340, 4507, 4665, 4679, 4747, 4772, 4884, 5279, 5285, 5390, 5397, 5402, 5464, 5466, 5488, 5682, 5813, 5863, 6103, 6108, 6449, 6600, 6672, 6699, 6901, 7032, 7116, 7120, 7148, 7195, 7226, 7304, 7319, 7362, 7367, 7421, 7492, 7576, 7596, 7648, 7713, 7728, 7995, 8086, 8179, 8335, 8749, 8848, 8975, 9048, 9077, 9127, 9219, 9265, 9425, 9463, 9479, 9799, 9818, 9981
110, 222, 447, 611, 842, 847, 885, 927, 947, 961, 991, 1119, 1233, 1497, 1696, 1865, 2010, 2112, 2228, 2229, 2472, 2541, 2816, 2883, 3052, 3142, 3263, 3580, 3598, 3604, 3617, 3659, 3715, 3832, 3846, 3910, 4012, 4047, 4099, 4264, 4746, 4763, 4799, 4935, 5063, 5080, 5093, 5255, 5416, 5485, 5592, 5627, 5731, 6282, 6327, 6353, 6387, 6549, 6796, 6811, 6909, 6934, 7026, 7031, 7083, 7186, 7241, 7258, 7368, 7379, 7415, 7570, 7718, 7808, 8046, 8114, 8163, 8169, 8190, 8250, 8260, 8273, 8326, 8340, 8492, 8656, 8812, 8869, 8948, 9007, 9062, 9167, 9208, 9280, 9474, 9552, 9708, 9819, 9956, 9964
251, 255, 290, 390, 597, 698, 810, 1096, 1123, 1130, 1161, 1190, 1243, 1347, 1659, 1676, 1705, 1808, 1870, 1879, 2051, 2333, 2422, 2448, 2532, 2712, 2728, 2867, 3219, 3466, 3658, 3824, 3840, 3871, 3884, 3916, 4029, 4090, 4132, 4176, 4204, 4210, 4252, 4337, 4339, 4362, 4510, 4520, 4525, 4648, 4741, 4742, 4829, 5016, 5164, 5182, 5203, 5370, 5656, 5714, 5812, 6146, 6185, 6188, 6203, 6258, 6275, 6387, 6473, 6509, 6543, 6667, 6819, 6967, 7025, 7121, 7439, 7525, 7548, 7930, 7956, 7971, 8160, 8245, 8263, 8301, 8385, 8387, 8388, 8441, 8697, 9139, 9157, 9234, 9253, 9289, 9337, 9354, 9795, 9872
57, 90, 240, 342, 491, 551, 574, 590, 609, 833, 920, 1086, 1097, 1200, 1342, 1542, 1612, 1679, 1751, 2231, 2252, 2316, 2347, 2371, 2618, 2632, 2883, 3124, 3413, 3416, 3589, 3673, 3756, 3810, 4035, 4045, 4176, 4294, 4323, 4460, 4517, 4577, 4634, 4655, 4669, 4881, 4944, 5248, 5324, 5375, 5472, 5511, 5561, 5604, 6153, 6220, 6258, 6392, 6535, 6751, 6813, 6821, 6897, 6921, 7038, 7133, 7140, 7169, 7342, 7385, 7454, 7463, 7561, 7631, 7789, 7918, 7992, 8021, 8032, 8391, 8424, 8521, 8641, 8732, 8783, 8791, 8798, 9002, 9006, 9067, 9072, 9077, 9238, 9334, 9517, 9534, 9729, 9785, 9876, 9948
15, 52, 57, 72, 223, 393, 497, 582, 642, 666, 867, 1209, 1365, 1383, 1436, 1464, 1514, 1519, 1599, 2037, 2042, 2215, 2223, 2335, 2401, 2425, 2467, 2524, 2550, 2565, 2643, 2666, 2721, 2888, 2904, 2936, 2967, 3052, 3096, 3261, 3308, 3509, 3647, 3845, 3871, 4116, 4135, 4146, 4312, 4322, 4465, 4591, 4993, 5011, 5205, 5328, 5515, 5531, 5552, 5577, 5845, 6119, 6218, 6267, 6328, 6335, 6504, 6517, 6523, 6666, 6756, 6922, 7080, 7093, 7185, 7253, 7292, 7523, 7543, 7611, 7676, 8520, 8580, 8598, 8711, 8771, 8916, 8985, 9074, 9129, 9180, 9424, 9576, 9583, 9606, 9630, 9820, 9848, 9855, 9890
12, 23, 199, 236, 242, 331, 341, 356, 561, 612, 645, 855, 879, 1027, 1189, 1209, 1413, 1659, 1841, 1906, 1921, 2077, 2094, 2193, 2359, 2464, 2505, 2673, 2709, 2746, 2843, 2963, 3088, 3263, 4038, 4064, 4144, 4414, 4425, 4454, 4483, 4585, 4605, 4700, 4754, 4770, 4863, 5003, 5056, 5735, 5770, 5833, 5858, 5933, 6073, 6074, 6224, 6227, 6492, 6636, 6942, 7067, 7404, 7497, 7509, 7518, 7566, 7569, 7573, 7583, 7604, 7671, 7689, 7709, 7721, 7722, 7756, 7838, 8063, 8132, 8173, 8327, 8340, 8365, 8439, 8552, 8565, 8646, 8650, 8784, 8785, 8981, 9016, 9132, 9175, 9267, 9598, 9640, 9755, 9905
24, 208, 242, 384, 526, 885, 1094, 1106, 1122, 1174, 1448, 1454, 1532, 1536, 1549, 1656, 1708, 1775, 1853, 1905, 1926, 2080, 2090, 2157, 2230, 2269, 2378, 2506, 2926, 2963, 3025, 3123, 3137, 3157, 3186, 3223, 3517, 3589, 3668, 3678, 3684, 3927, 4052, 4059, 4285, 4419, 4430, 4487, 4548, 4552, 4795, 4937, 4964, 4988, 5334, 5447, 5529, 5658, 5704, 5831, 6123, 6229, 6274, 6297, 6309, 6434, 6525, 6746, 6770, 7165, 7229, 7420, 7453, 7498, 7504, 7590, 7731, 7752, 7790, 7962, 8110, 8175, 8286, 8523, 8650, 8683, 8756, 8759, 8782, 8785, 9063, 9065, 9112, 9178, 9204, 9362, 9635, 9677, 9883, 9961
157, 251, 356, 473, 576, 585, 682, 811, 843, 940, 978, 1089, 1103, 1209, 1405, 1421, 1423, 1693, 1768, 1790, 1827, 1953, 1995, 2035, 2121, 2228, 2321, 2523, 2559, 3075, 3167, 3181, 3318, 3333, 3620, 3882, 3909, 4121, 4130, 4155, 4227, 4275, 4310, 4331, 4633, 4662, 4801, 4990, 5006, 5380, 5412, 5426, 5468, 5473, 5513, 5645, 5691, 5692, 5728, 5799, 5976, 6186, 6235, 6324, 6356, 6938, 7045, 7096, 7161, 7456, 7626, 7627, 7644, 7651, 7796, 7928, 7943, 8034, 8048, 8160, 8456, 8537, 8600, 8616, 8688, 8766, 8790, 8836, 8915, 9174, 9267, 9412, 9422, 9563, 9593, 9600, 9632, 9739, 9784, 9867
56, 124, 173, 220, 412, 687, 697, 733, 902, 952, 976, 1032, 1116, 1286, 1348, 1527, 1577, 1590, 1743, 1843, 1963, 2065, 2131, 2221, 2241, 2297, 2425, 2533, 2541, 2619, 2689, 2718, 2777, 2786, 2796, 2806, 2930, 3078, 3162, 3176, 3274, 3813, 3820, 4020, 4026, 4034, 4260, 4273, 4386, 4456, 4538, 4635, 4727, 4876, 4965, 5105, 5117, 5283, 5322, 5467, 5604, 5788, 5854, 5857, 5858, 5966, 6001, 6054, 6226, 6298, 6326, 6446, 6528, 6735, 6914, 6937, 6998, 7127, 7469, 7514, 7523, 7657, 7812, 7814, 7949, 8013, 8170, 8229, 8647, 8836, 8846, 9228, 9303, 9591, 9698, 9711, 9729, 9763, 9886, 9946
58, 215, 331, 401, 694, 730, 775, 794, 1228, 1241, 1365, 1370, 1387, 1496, 1523, 1571, 1783, 1902, 1997, 2302, 2340, 2351, 2355, 2387, 2610, 2978, 2979, 2990, 3085, 3138, 3282, 3440, 3544, 3579, 3709, 3994, 4096, 4195, 4258, 4283, 4397, 4447, 4599, 4623, 4636, 4830, 5039, 5082, 5092, 5151, 5210, 5353, 5459, 5468, 5510, 5557, 5710, 5836, 5876, 6014, 6098, 6216, 6396, 6477, 6517, 6584, 6618, 6659, 6682, 6702, 6750, 6774, 6959, 7045, 7073, 7399, 7722, 7926, 7990, 7995, 8058, 8385, 8395, 8678, 8697, 8726, 8879, 8919, 8948, 9035, 9204, 9391, 9455, 9518, 9594, 9670, 9683, 9897, 9915, 9992
61, 202, 380, 382, 628, 703, 719, 753, 867, 986, 1052, 1111, 1192, 1411, 1450, 1695, 1743, 1764, 1923, 1964, 2028, 2321, 2368, 2503, 2617, 2671, 2675, 2701, 2708, 2803, 2887, 3147, 3178, 3282, 3358, 3423, 3560, 3683, 3863, 4145, 4259, 4320, 4440, 4542, 4697, 4717, 5076, 5194, 5323, 5349, 5406, 5454, 5628, 5647, 5777, 5833, 6233, 6294, 6321, 6412, 6445, 6491, 6507, 6515, 6589, 6723, 6796, 6852, 6907, 6945, 6977, 6998, 7155, 7212, 7473, 7577, 7652, 7676, 7716, 7854, 8267, 8326, 8345, 8400, 8467, 8559, 8616, 8676, 8942, 8987, 9087, 9185, 9217, 9342, 9447, 9456, 9833, 9914, 9931, 9951
31, 100, 157, 225, 711, 774, 864, 914, 924, 1301, 1355, 1577, 1652, 1670, 1743, 2152, 2191, 2207, 2317, 2424, 2472, 2486, 2530, 2558, 2585, 2745, 2786, 2792, 2819, 2837, 2956, 3022, 3152, 3191, 3482, 3610, 3706, 3740, 3761, 3830, 3961, 3965, 4071, 4132, 4153, 4160, 4165, 4284, 4337, 4699, 4770, 4794, 4912, 4930, 5172, 5196, 5215, 5233, 5258, 5419, 5432, 5630, 5689, 5936, 6145, 6378, 6521, 6660, 6796, 6879, 6970, 7007, 7080, 7501, 7574, 7610, 7623, 7651, 7708, 7914, 7973, 8122, 8181, 8226, 8326, 8434, 8525, 8529, 8839, 8854, 9311, 9334, 9417, 9498, 9532, 9534, 9852, 9927, 9959, 9989
21, 38, 181, 198, 224, 239, 334, 409, 717, 795, 946, 1079, 1103, 1153, 1161, 1498, 1564, 1665, 1747, 1860, 1955, 1982, 2061, 2244, 2256, 2274, 2353, 2371, 2402, 2476, 2630, 2806, 2855, 2879, 3223, 3351, 3376, 3443, 3482, 3709, 3771, 3776, 3777, 3876, 3986, 3994, 4095, 4301, 4311, 4330, 4447, 4448, 4468, 4490, 4565, 4796, 4915, 4977, 5000, 5137, 5543, 5714, 5736, 5988, 6063, 6088, 6165, 6313, 6496, 6670, 6717, 6794, 6797, 6891, 6938, 6962, 6994, 7013, 7055, 7146, 7284, 7392, 7572, 8126, 8146, 8153, 8400, 8514, 8663, 8790, 8956, 9219, 9378, 9386, 9429, 9472, 9606, 9844, 9907, 9940
107, 122, 634, 713, 754, 758, 1042, 1074, 1247, 1261, 1332, 1383, 1427, 1522, 1545, 1588, 1795, 1854, 1876, 1933, 2080, 2377, 2651, 2686, 2746, 2926, 3011, 3124, 3391, 3483, 3488, 3511, 3701, 3705, 3785, 3888, 3988, 4315, 4379, 4400, 4507, 4570, 4718, 4796, 4833, 4841, 4909, 4910, 4912, 4969, 5008, 5100, 5112, 5127, 5210, 5496, 5741, 5810, 5874, 5914, 5917, 6042, 6098, 6307, 6403, 6468, 6486, 6533, 6780, 6838, 6879, 7385, 7428, 7471, 7510, 7702, 7710, 7935, 7979, 8172, 8251, 8340, 8372, 8443, 8630, 8676, 8730, 8785, 8858, 8950, 9008, 9064, 9132, 9352, 9772, 9773, 9781, 9857, 9902, 9989
191, 313, 439, 462, 616, 687, 831, 1000, 1154, 1196, 1246, 1436, 1494, 1617, 1643, 1923, 2089, 2099, 2139, 2173, 2283, 2347, 2387, 2402, 2417, 2500, 2544, 2545, 2549, 2719, 2809, 2992, 3120, 3126, 3193, 3239, 3550, 3704, 3790, 3880, 3944, 4181, 4256, 4505, 4509, 4512, 4556, 4608, 4712, 4727, 4808, 4876, 4944, 4972, 5050, 5279, 5381, 5679, 5753, 5810, 5951, 5995, 6032, 6116, 6157, 6229, 6256, 6382, 6766, 6815, 7000, 7101, 7143, 7270, 7392, 7482, 7545, 7663, 7722, 7845, 7886, 7894, 7912, 8017, 8075, 8100, 8129, 8130, 8157, 8425, 8517, 9177, 9183, 9460, 9564, 9587, 9636, 9719, 9894, 9960
19, 467, 504, 540, 672, 739, 861, 929, 989, 1061, 1101, 1107, 1126, 1184, 1443, 1519, 1591, 1692, 1858, 2004, 2046, 2142, 2157, 2403, 2563, 2630, 2722, 2782, 2834, 2924, 3087, 3177, 3273, 3359, 3411, 3412, 3519, 3688, 3825, 4036, 4421, 4448, 4514, 4531, 4592, 4639, 4645, 4706, 4715, 4733, 4788, 4796, 4843, 4903, 5035, 5067, 5129, 5282, 5287, 5288, 5355, 5479, 5491, 5741, 5841, 5903, 6021, 6097, 6241, 6312, 6634, 6644, 6682, 6715, 6809, 6836, 6964, 7060, 7086, 7326, 7385, 7432, 7714, 7864, 8099, 8261, 8492, 8629, 8711, 8767, 8862, 8881, 8930, 9072, 9473, 9581, 9621, 9724, 9910, 9963
143, 353, 529, 565, 636, 668, 777, 907, 937, 1144, 1343, 1350, 1355, 1443, 1536, 1566, 1592, 1693, 1868, 2035, 2054, 2187, 2339, 2359, 2425, 2447, 2467, 2567, 2583, 2851, 2897, 2926, 2966, 2988, 3044, 3071, 3109, 3154, 3185, 3278, 3498, 3652, 3679, 3825, 3902, 4150, 4202, 4426, 4474, 4646, 4833, 4847, 4859, 5176, 5268, 5291, 5420, 5543, 5628, 5838, 5952, 5985, 5987, 6058, 6147, 6271, 6317, 6339, 6349, 6533, 6999, 7138, 7170, 7184, 7404, 7457, 7541, 7570, 7602, 7648, 7675, 7677, 7744, 7755, 7832, 8205, 8316, 8426, 8564, 8575, 8608, 8853, 9108, 9529, 9578, 9626, 9637, 9669, 9826, 9969
26, 151, 190, 320, 463, 574, 583, 597, 640, 692, 718, 828, 953, 991, 1244, 1365, 1414, 1572, 1679, 1761, 1836, 1854, 1953, 1997, 2114, 2194, 2361, 2421, 2524, 2555, 2570, 2594, 2823, 3030, 3169, 3179, 3229, 3746, 3754, 3771, 3865, 3880, 3887, 3940, 4041, 4082, 4107, 4256, 4472, 4491, 4686, 4718, 5003, 5105, 5169, 5224, 5245, 5529, 5598, 5720, 5740, 5876, 5899, 6063, 6294, 6652, 6664, 6842, 7185, 7207, 7365, 7664, 7749, 7895, 7975, 8051, 8116, 8117, 8124, 8160, 8294, 8295, 8496, 8541, 8700, 8729, 8787, 8909, 8994, 9001, 9027, 9108, 9419, 9439, 9512, 9539, 9589, 9762, 9779, 9817
81, 221, 329, 415, 677, 712, 778, 866, 940, 968, 1012, 1115, 1137, 1278, 1379, 1401, 1539, 1609, 1678, 1824, 1829, 1830, 1851, 2080, 2106, 2347, 2350, 2399, 2469, 2490, 2566, 2612, 2730, 2950, 3050, 3323, 3511, 3595, 3659, 3755, 3808, 4149, 4182, 4221, 4260, 4338, 4365, 4596, 4683, 4705, 4907, 5087, 5382, 5446, 5578, 5609, 5793, 5908, 5975, 6103, 6113, 6268, 6284, 6447, 6489, 6507, 6523, 6569, 6618, 6670, 6810, 6823, 7069, 7109, 7275, 7305, 7454, 7759, 7998, 8060, 8265, 8428, 8488, 8598, 8600, 8690, 8716, 8750, 8993, 9003, 9046, 9048, 9056, 9066, 9067, 9084, 9171, 9205, 9541, 9840
16, 53, 160, 227, 240, 355, 371, 432, 793, 856, 862, 1040, 1243, 1245, 1451, 1487, 1684, 1777, 1780, 1791, 1919, 1944, 2203, 2270, 2284, 2290, 2324, 2400, 2477, 2493, 2524, 2570, 2790, 2935, 3117, 3128, 3369, 3624, 3791, 3818, 3997, 4272, 4408, 4450, 4640, 4837, 4842, 4870, 5075, 5105, 5262, 5309, 5354, 5434, 5476, 5512, 5550, 5565, 5586, 5684, 5807, 5813, 6047, 6242, 6301, 6358, 6388, 6545, 6744, 6912, 7135, 7166, 7260, 7297, 7358, 7384, 7499, 7532, 7597, 7687, 7690, 7969, 8139, 8192, 8327, 8404, 8681, 8940, 8963, 9018, 9144, 9196, 9215, 9311, 9382, 9606, 9714, 9883, 9930, 9943
82, 227, 256, 521, 539, 612, 853, 1076, 1112, 1261, 1413, 1565, 1586, 1714, 1721, 1785, 1790, 1842, 1950, 2276, 2305, 2409, 2505, 2859, 2992, 3141, 3277, 3302, 3457, 3599, 3705, 3817, 3912, 4032, 4182, 4223, 4321, 4335, 4393, 4412, 4576, 4587, 4890, 5028, 5118, 5238, 5251, 5318, 5452, 5460, 5624, 5649, 5666, 5699, 6071, 6088, 6094, 6202, 6221, 6381, 6382, 6573, 6609, 6658, 6682, 6717, 6828, 6881, 6946, 7208, 7209, 7274, 7457, 7549, 7553, 7667, 7733, 7784, 7863, 7911, 7914, 8166, 8172, 8216, 8276, 8316, 8460, 8626, 8647, 8697, 8733, 8806, 8924, 9456, 9536, 9795, 9865, 9916, 9981, 9983
34, 132, 137, 192, 429, 508, 609, 775, 983, 1273, 1278, 1331, 1418, 1425, 1468, 1650, 1679, 1714, 1733, 1780, 2059, 2071, 2105, 2152, 2194, 2303, 2362, 2364, 2390, 2473, 2544, 2612, 2788, 2965, 3434, 3527, 3568, 3805, 3819, 3984, 4127, 4220, 4400, 4562, 4621, 4693, 4728, 4768, 4920, 4976, 5084, 5130, 5263, 5309, 5349, 5520, 5521, 5550, 5688, 5705, 5768, 5796, 5944, 6028, 6121, 6148, 6165, 6227, 6290, 6307, 6369, 6656, 6785, 7220, 7551, 7597, 7826, 7834, 7929, 7985, 8205, 8382, 8444, 8498, 8554, 8677, 8688, 8719, 8825, 8877, 8882, 8908, 9024, 9270, 9278, 9620, 9870, 9874, 9923, 9931
104, 155, 532, 595, 652, 722, 741, 936, 1052, 1079, 1124, 1243, 1303, 1322, 1450, 1481, 1560, 1636, 1789, 1958, 1960, 2034, 2043, 2050, 2147, 2297, 2529, 2738, 2890, 3015, 3101, 3264, 3268, 3514, 3788, 3965, 4181, 4188, 4636, 4830, 4888, 5131, 5142, 5153, 5458, 5502, 5527, 5582, 5628, 5664, 5796, 5817, 5837, 5920, 5977, 6199, 6209, 6224, 6450, 6463, 6612, 6717, 6800, 6860, 6908, 6966, 6967, 6968, 6969, 7214, 7218, 7230, 7323, 7434, 7725, 8033, 8076, 8159, 8180, 8316, 8365, 8367, 8475, 8620, 8635, 8699, 8886, 8887, 8951, 9031, 9042, 9054, 9059, 9074, 9102, 9139, 9264, 9603, 9633, 9933
1, 24, 201, 403, 502, 593, 712, 785, 997, 1002, 1051, 1082, 1418, 1468, 1521, 1571, 1629, 1641, 1680, 1787, 1820, 1956, 1973, 1997, 2048, 2272, 2346, 2381, 2472, 2550, 2990, 3201, 3232, 3331, 3336, 3384, 3675, 3746, 3768, 3816, 3818, 3865, 3896, 4024, 4088, 4284, 4405, 4455, 4630, 4850, 5054, 5093, 5122, 5156, 5281, 5404, 5419, 5495, 5571, 5666, 5680, 5734, 5831, 6073, 6087, 6221, 6231, 6240, 6336, 6406, 6412, 6438, 7287, 7438, 7618, 7690, 7873, 7876, 7946, 8064, 8104, 8419, 8539, 8874, 8881, 8908, 8929, 8987, 9149, 9168, 9298, 9310, 9314, 9328, 9453, 9486, 9528, 9529, 9720, 9916
104, 124, 188, 202, 303, 364, 420, 564, 591, 795, 838, 909, 1070, 1172, 1173, 1648, 1765, 1960, 2005, 2451, 2495, 2672, 2717, 2722, 2789, 2899, 2959, 3230, 3240, 3345, 3350, 3560, 3663, 3668, 3814, 3829, 3840, 4072, 4095, 4123, 4127, 4371, 4526, 4592, 4642, 4675, 4691, 4819, 4850, 4890, 4911, 4985, 5008, 5171, 5219, 5397, 5837, 5847, 6308, 6384, 6391, 6630, 6995, 7013, 7087, 7418, 7517, 7536, 7560, 7732, 7787, 7835, 7859, 7860, 7899, 7912, 7966, 8149, 8516, 8588, 8623, 8696, 8839, 8848, 8937, 8984, 8997, 9102, 9221, 9265, 9297, 9345, 9404, 9479, 9482, 9506, 9554, 9596, 9943, 9996
59, 66, 119, 338, 371, 472, 597, 704, 736, 748, 802, 814, 868, 996, 1205, 1248, 1285, 1321, 1509, 1521, 1594, 1725, 1899, 2343, 2420, 2456, 2460, 2538, 2583, 2698, 2769, 2830, 2947, 3015, 3123, 3251, 3339, 3413, 3627, 4142, 4225, 4242, 4247, 4324, 4377, 4441, 4458, 4488, 4601, 4886, 4953, 5117, 5138, 5141, 5162, 5373, 5495, 5886, 5893, 5948, 6019, 6196, 6222, 6343, 6377, 6478, 6535, 6650, 6781, 6813, 6824, 7053, 7112, 7254, 7316, 7370, 7514, 7644, 7765, 8126, 8172, 8184, 8292, 8329, 8392, 8664, 8708, 8855, 8995, 9119, 9198, 9327, 9425, 9505, 9597, 9635, 9641, 9897, 9933, 9945
260, 332, 439, 481, 555, 566, 771, 807, 1021, 1058, 1157, 1188, 1310, 1527, 1685, 1741, 1772, 1807, 2091, 2146, 2239, 2364, 2384, 2525, 2558, 2754, 2826, 2943, 3059, 3111, 3305, 3350, 3399, 3788, 3805, 3857, 3939, 3949, 3969, 3972, 4206, 4577, 4688, 4888, 4936, 5091, 5119, 5257, 5317, 5384, 5420, 5688, 5796, 5855, 5910, 6042, 6143, 6144, 6316, 6374, 6438, 6482, 6595, 6920, 7005, 7121, 7304, 7337, 7421, 7500, 7501, 7578, 7769, 7786, 7877, 8089, 8116, 8163, 8221, 8419, 8458, 8467, 8473, 8644, 8796, 8806, 9081, 9206, 9314, 9420, 9477, 9504, 9513, 9515, 9595, 9622, 9698, 9792, 9835, 9873
78, 186, 277, 354, 442, 455, 465, 712, 821, 873, 1046, 1091, 1111, 1158, 1428, 1602, 1753, 1871, 2076, 2155, 2295, 2353, 2423, 2543, 2585, 2591, 2659, 2750, 2847, 2903, 2993, 3098, 3102, 3103, 3126, 3165, 3180, 3226, 3300, 3346, 3361, 3520, 3599, 3628, 3791, 3799, 3815, 3826, 3850, 3868, 3881, 3966, 4135, 4374, 4639, 4789, 4805, 4956, 5040, 5083, 5427, 5606, 5656, 5664, 5962, 6034, 6141, 6155, 6226, 6247, 6361, 6432, 6433, 6483, 6608, 6928, 7168, 7538, 7542, 7551, 7572, 7574, 7588, 7633, 7933, 8589, 8640, 8689, 8710, 8812, 8848, 8952, 8977, 9005, 9104, 9158, 9391, 9534, 9612, 9877
128, 400, 505, 579, 722, 801, 998, 1029, 1092, 1346, 1371, 1378, 1454, 1542, 1921, 2028, 2059, 2353, 2438, 2474, 2479, 2621, 2636, 2698, 2716, 2732, 2814, 2892, 2974, 3056, 3141, 3684, 3699, 3723, 3843, 4011, 4128, 4197, 4351, 4372, 4627, 4660, 4805, 4851, 4999, 5090, 5102, 5137, 5178, 5302, 5320, 5353, 5472, 5749, 5750, 5784, 5792, 5900, 5984, 6094, 6202, 6203, 6291, 6315, 6526, 6733, 6766, 6822, 6961, 6988, 7187, 7248, 7431, 7445, 7460, 7505, 7525, 7637, 7873, 8030, 8098, 8122, 8225, 8348, 8447, 8604, 8623, 8636, 8653, 8673, 8683, 8832, 8871, 8935, 9102, 9107, 9116, 9478, 9782, 9863
359, 518, 544, 579, 655, 689, 786, 822, 891, 920, 948, 1123, 1166, 1185, 1356, 1377, 1715, 1966, 2154, 2240, 2272, 2371, 2448, 2598, 2659, 2961, 3316, 3455, 3462, 3582, 3628, 3634, 3706, 3730, 3744, 3794, 3817, 3827, 3946, 4004, 4060, 4191, 4309, 4454, 4571, 4667, 4901, 5024, 5136, 5152, 5197, 5352, 5560, 5666, 5732, 5733, 5781, 5793, 5995, 6166, 6172, 6252, 6311, 6369, 6496, 6524, 6564, 6712, 6730, 6941, 6974, 7070, 7136, 7449, 7459, 7535, 7596, 7827, 7901, 7926, 7930, 7940, 8059, 8100, 8124, 8292, 8342, 8667, 8720, 8731, 8784, 8871, 9123, 9433, 9528, 9666, 9864, 9930, 9945, 9999
31, 128, 199, 286, 302, 421, 486, 545, 712, 852, 921, 953, 1097, 1453, 1617, 1750, 1795, 1846, 2024, 2026, 2179, 2224, 2350, 2407, 2481, 2760, 2808, 2817, 2869, 2957, 3008, 3066, 3082, 3087, 3169, 3172, 3212, 3228, 3242, 3333, 3352, 3532, 3714, 3849, 3870, 3919, 4080, 4246, 4330, 4418, 4526, 4541, 4592, 4686, 4701, 4810, 4908, 4973, 5089, 5150, 5169, 5213, 5268, 5409, 5445, 5621, 5656, 5863, 5925, 6069, 6132, 6667, 6904, 6918, 6990, 7104, 7181, 7353, 7429, 7457, 7519, 7737, 7804, 7843, 8041, 8047, 8135, 8197, 8322, 8721, 8744, 8843, 8852, 9147, 9253, 9518, 9602, 9632, 9719, 9783
84, 378, 463, 502, 557, 720, 781, 796, 852, 950, 1098, 1299, 1306, 1400, 1611, 1737, 1846, 1885, 2133, 2145, 2173, 2290, 2390, 2607, 2855, 2979, 3106, 3108, 3113, 3284, 3343, 3378, 3496, 3499, 3508, 3537, 3574, 3621, 3816, 3844, 3922, 3959, 4021, 4051, 4085, 4284, 4310, 4591, 4593, 4688, 4781, 4844, 4867, 4942, 5003, 5116, 5364, 5492, 5506, 5581, 5833, 5934, 6070, 6131, 6243, 6319, 6444, 6516, 6565, 6650, 6891, 6921, 7029, 7072, 7287, 7496, 7540, 7595, 7606, 7736, 7737, 7835, 7862, 8268, 8312, 8613, 8738, 8758, 8780, 8785, 8944, 9055, 9228, 9244, 9435, 9439, 9466, 9481, 9508, 9983
46, 49, 50, 608, 686, 706, 747, 758, 796, 814, 915, 955, 1006, 1042, 1065, 1219, 1322, 1445, 1498, 1660, 1696, 1892, 1943, 1988, 2124, 2176, 2221, 2484, 2540, 2698, 2784, 2862, 3034, 3156, 3215, 3259, 3534, 3609, 3696, 3756, 3910, 3920, 3993, 4091, 4167, 4377, 4520, 4711, 4741, 4777, 4799, 4854, 4887, 4971, 5012, 5041, 5241, 5484, 5564, 5622, 5843, 5951, 5958, 6340, 6359, 6475, 6544, 6613, 6630, 6729, 7083, 7158, 7218, 7259, 7280, 7301, 7317, 7482, 7522, 7526, 7980, 8016, 8102, 8177, 8214, 8239, 8268, 8427, 8465, 8480, 8779, 8894, 9026, 9100, 9326, 9398, 9458, 9498, 9721, 9842
56, 76, 412, 436, 574, 722, 771, 842, 878, 983, 992, 1024, 1091, 1128, 1221, 1304, 1418, 1609, 1616, 1644, 2102, 2107, 2117, 2129, 2337, 2778, 2917, 2945, 3378, 3435, 3445, 3577, 3591, 3787, 4116, 4157, 4186, 4274, 4334, 4480, 4569, 4633, 4902, 4914, 5086, 5163, 5182, 5463, 5558, 5632, 6026, 6249, 6276, 6291, 6317, 6343, 6404, 6590, 6630, 6633, 6794, 7193, 7195, 7392, 7459, 7497, 7506, 7588, 7718, 7838, 7859, 7892, 8134, 8156, 8208, 8266, 8411, 8465, 8530, 8563, 8564, 8677, 8712, 8721, 8772, 8826, 8994, 9041, 9105, 9242, 9357, 9367, 9388, 9463, 9571, 9587, 9851, 9954, 9977, 9988
63, 196, 209, 239, 294, 385, 622, 730, 760, 938, 994, 1014, 1157, 1228, 1297, 1401, 1412, 1418, 1544, 1717, 1722, 1806, 1864, 2007, 2018, 2031, 2161, 2256, 2335, 2376, 2449, 2641, 2645, 2673, 2680, 2681, 2717, 2733, 2751, 2880, 2950, 3029, 3152, 3191, 3437, 3517, 3652, 3667, 3859, 4017, 4092, 4222, 4304, 4339, 4700, 4764, 4862, 4955, 5042, 5346, 5368, 5503, 5683, 5700, 5751, 6036, 6117, 6434, 6581, 6641, 6664, 6668, 6669, 6714, 7129, 7188, 7208, 7239, 7250, 7386, 7844, 7848, 8040, 8054, 8186, 8292, 8303, 8539, 8554, 8919, 8928, 9246, 9498, 9672, 9696, 9717, 9841, 9844, 9935, 9957
16, 88, 96, 215, 397, 672, 779, 839, 884, 975, 1024, 1044, 1159, 1213, 1387, 1534, 1677, 2060, 2339, 2576, 2595, 2603, 2679, 2761, 2763, 2915, 2951, 3039, 3279, 3351, 3389, 3436, 3462, 3511, 3569, 3577, 3771, 3845, 3855, 3891, 3904, 3947, 3955, 4031, 4107, 4641, 4718, 4860, 4903, 4961, 5005, 5016, 5068, 5226, 5388, 5484, 5539, 5711, 5874, 5922, 6023, 6120, 6225, 6395, 6424, 6568, 6622, 6716, 6751, 6800, 6946, 7119, 7210, 7302, 7496, 7588, 7679, 7757, 7937, 7951, 8079, 8163, 8268, 8313, 8360, 8657, 8669, 8671, 8680, 8899, 9085, 9092, 9215, 9275, 9356, 9455, 9456, 9695, 9815, 9856
10, 354, 534, 565, 663, 696, 780, 952, 961, 1065, 1130, 1505, 1606, 1620, 1669, 2010, 2202, 2456, 2462, 2518, 2738, 2818, 2824, 2968, 2979, 3118, 3200, 3285, 3558, 3615, 3809, 3914, 4018, 4166, 4345, 4362, 4556, 4620, 4665, 4732, 4904, 4918, 5124, 5382, 5722, 5745, 5814, 5885, 5949, 5980, 6086, 6153, 6324, 6363, 6531, 6648, 6649, 6666, 6705, 6709, 6768, 6782, 6815, 6878, 6891, 6892, 6914, 6945, 6980, 7036, 7120, 7164, 7249, 7302, 7339, 7551, 7647, 8006, 8119, 8282, 8305, 8342, 8518, 8535, 8538, 8543, 8759, 8783, 8880, 8911, 9059, 9268, 9580, 9807, 9814, 9841, 9843, 9926, 9927, 9957
301, 356, 389, 596, 620, 1021, 1129, 1183, 1281, 1310, 1359, 1382, 1525, 1800, 1947, 1969, 1990, 2204, 2212, 2416, 2500, 2564, 2578, 2661, 2668, 2685, 2951, 3045, 3151, 3252, 3254, 3272, 3331, 3555, 3609, 3623, 3655, 3741, 3764, 3820, 3979, 4091, 4097, 4188, 4228, 4290, 4458, 4529, 4735, 4751, 4813, 4918, 5237, 5359, 5411, 5459, 5479, 5588, 5889, 5966, 5985, 6264, 6550, 6614, 6642, 6742, 6787, 6810, 6906, 6926, 6930, 7236, 7549, 7648, 7674, 7699, 7740, 7786, 7852, 7993, 8048, 8190, 8324, 8454, 8476, 8536, 8610, 8750, 8803, 8831, 8837, 8903, 8973, 9160, 9254, 9441, 9464, 9713, 9819, 9832
125, 141, 260, 271, 442, 461, 565, 639, 780, 878, 889, 1000, 1089, 1093, 1206, 1214, 1236, 1290, 1478, 1495, 1588, 1698, 1731, 1881, 2141, 2278, 2384, 2386, 2451, 2474, 2510, 2512, 2540, 2550, 2569, 2651, 2701, 2799, 2909, 3003, 3097, 3186, 3224, 3234, 3503, 3627, 3709, 3984, 4013, 4060, 4087, 4207, 4264, 4441, 4719, 4730, 4801, 4839, 4941, 5363, 5382, 5401, 5430, 5436, 5712, 5922, 5997, 6013, 6020, 6071, 6099, 6122, 6148, 6203, 6251, 6502, 6517, 6903, 6921, 7023, 7067, 7135, 7188, 7269, 7729, 7851, 7916, 8016, 8102, 8134, 8148, 8151, 8323, 8359, 8575, 8954, 8981, 9514, 9683, 9910
37, 166, 172, 325, 433, 510, 580, 615, 732, 1002, 1090, 1246, 1445, 1460, 1699, 1857, 1893, 2069, 2079, 2120, 2139, 2176, 2341, 2409, 2543, 2675, 2893, 2948, 3235, 3347, 3648, 3836, 3864, 3966, 3994, 4004, 4020, 4036, 4088, 4130, 4231, 4486, 4487, 4522, 4563, 4648, 4665, 4680, 4742, 4870, 4906, 4983, 5260, 5415, 5503, 5651, 5671, 5766, 5815, 5861, 5916, 5939, 5988, 6203, 6219, 6290, 6405, 6473, 6507, 6792, 7009, 7063, 7080, 7166, 7469, 7471, 7515, 7525, 7627, 7664, 7680, 7840, 7931, 8084, 8133, 8275, 8398, 8654, 9010, 9101, 9203, 9275, 9424, 9495, 9697, 9735, 9764, 9830, 9848, 9977
25, 502, 514, 537, 640, 854, 878, 895, 1110, 1137, 1190, 1297, 1431, 1477, 1808, 1892, 2225, 2254, 2351, 2459, 2675, 2732, 2753, 2830, 2887, 2914, 2955, 2957, 3123, 3183, 3240, 3488, 3557, 3611, 3768, 3850, 3969, 3971, 4041, 4172, 4202, 4274, 4278, 4296, 4424, 4477, 4484, 4599, 4681, 4693, 4879, 4982, 5057, 5103, 5106, 5270, 5394, 5550, 5777, 5897, 5905, 6003, 6095, 6276, 6290, 6302, 6338, 6364, 6566, 6761, 6786, 6944, 6968, 7092, 7128, 7255, 7332, 7492, 7498, 7508, 7655, 7696, 7742, 7778, 8032, 8124, 8264, 8424, 8810, 8857, 8870, 8938, 8947, 8962, 8974, 9082, 9258, 9638, 9700, 9757
197, 250, 308, 453, 524, 727, 734, 757, 800, 855, 870, 915, 945, 1307, 1386, 1616, 1704, 1857, 1911, 1982, 2079, 2103, 2111, 2306, 2311, 2355, 2463, 2681, 2734, 2849, 3054, 3081, 3166, 3235, 3269, 3435, 3515, 3548, 3586, 3592, 3813, 3979, 3988, 4133, 4144, 4197, 4396, 4476, 4730, 4734, 4818, 4897, 4981, 5153, 5271, 5316, 5527, 5773, 5796, 5817, 5969, 6049, 6485, 6521, 6523, 6533, 6543, 6633, 6715, 6738, 6830, 6894, 6994, 7177, 7198, 7506, 7637, 7711, 7792, 7848, 7951, 8007, 8075, 8215, 8377, 8417, 8451, 8509, 8976, 9071, 9207, 9280, 9371, 9653, 9697, 9700, 9726, 9741, 9748, 9938
36, 46, 60, 375, 620, 672, 694, 850, 1075, 1109, 1116, 1558, 1701, 1730, 1928, 1958, 2286, 2326, 2371, 2412, 2434, 2487, 2504, 2604, 2738, 2842, 2869, 2899, 2924, 3099, 3103, 3140, 3149, 3189, 3236, 3462, 3601, 3626, 3655, 3908, 3939, 4164, 4567, 4570, 4581, 4938, 5082, 5102, 5114, 5124, 5179, 5263, 5320, 5335, 5410, 5591, 5654, 5857, 5961, 6295, 6320, 6327, 6345, 6460, 6611, 6648, 6661, 6745, 6783, 6873, 6886, 6984, 7024, 7057, 7118, 7305, 7348, 7403, 7442, 7515, 7565, 7914, 8076, 8270, 8379, 8403, 8513, 8731, 8747, 8896, 8922, 8947, 9043, 9151, 9204, 9535, 9541, 9748, 9836, 9848
11, 53, 68, 309, 381, 616, 695, 987, 1072, 1087, 1308, 1643, 1731, 1772, 1784, 1786, 1849, 1875, 2123, 2152, 2209, 2219, 2293, 2453, 2593, 2652, 2722, 2929, 2969, 3020, 3036, 3065, 3476, 3488, 3558, 3747, 3774, 3920, 3980, 4083, 4086, 4209, 4415, 4601, 4654, 4717, 4799, 4840, 5017, 5027, 5047, 5118, 5403, 5603, 5644, 5730, 5745, 5912, 5924, 6041, 6127, 6420, 6554, 6571, 6620, 6987, 7233, 7483, 7499, 7560, 7570, 7645, 7685, 7761, 7818, 8041, 8089, 8124, 8457, 8463, 8513, 8727, 8733, 8771, 8786, 8836, 8859, 9032, 9073, 9144, 9183, 9403, 9429, 9445, 9597, 9697, 9704, 9786, 9789, 9897
24, 55, 412, 504, 511, 558, 703, 744, 776, 795, 847, 940, 988, 1039, 1329, 1354, 1507, 1675, 1804, 1807, 1886, 1887, 1932, 1972, 1981, 2313, 2329, 2349, 2531, 2692, 2726, 3238, 3269, 3367, 3581, 3776, 3856, 3900, 4066, 4098, 4143, 4234, 4278, 4613, 4614, 4682, 4839, 4872, 4978, 5180, 5182, 5207, 5351, 5352, 5518, 5573, 5601, 5763, 5850, 5889, 5980, 5986, 6026, 6119, 6139, 6209, 6296, 6482, 6563, 6564, 6749, 6835, 6866, 6931, 7185, 7190, 7192, 7247, 7481, 7593, 7812, 7917, 7974, 8087, 8181, 8274, 8492, 8523, 8721, 8734, 8751, 9056, 9063, 9163, 9208, 9373, 9380, 9662, 9721, 9961
1, 544, 593, 632, 714, 746, 871, 880, 928, 1028, 1048, 1151, 1159, 1412, 1466, 1473, 1585, 1592, 1734, 1766, 2380, 2428, 2493, 2523, 2628, 2760, 2912, 2949, 3230, 3294, 3320, 3326, 3450, 3493, 3567, 3583, 3594, 3681, 3703, 3781, 3907, 4164, 4198, 4523, 4569, 4579, 4582, 4757, 4845, 4846, 4964, 5007, 5100, 5121, 5199, 5462, 5527, 5861, 6002, 6078, 6200, 6281, 6503, 6518, 6521, 6615, 6635, 6827, 7333, 7380, 7573, 7589, 7612, 7644, 7705, 7738, 7772, 7826, 8010, 8050, 8142, 8256, 8342, 8354, 8615, 8792, 8953, 9002, 9009, 9235, 9386, 9461, 9462, 9506, 9510, 9559, 9565, 9775, 9833, 9962
117, 359, 394, 466, 604, 626, 755, 862, 923, 1071, 1124, 1170, 1517, 1769, 1897, 1992, 2156, 2280, 2294, 2312, 2382, 2496, 2528, 2529, 2771, 2990, 3006, 3180, 3268, 3482, 3515, 3581, 3673, 3772, 3782, 3808, 3838, 3839, 3982, 4010, 4184, 4371, 4706, 4814, 4925, 4978, 5007, 5108, 5113, 5282, 5422, 5580, 5689, 5710, 5960, 6204, 6243, 6331, 6353, 6388, 6443, 6629, 6751, 6828, 6832, 6895, 7035, 7068, 7267, 7296, 7391, 7444, 7536, 7622, 7623, 7751, 7931, 7975, 8080, 8352, 8449, 8458, 8460, 8496, 8743, 8794, 8837, 8928, 9041, 9182, 9195, 9287, 9301, 9378, 9409, 9727, 9742, 9849, 9872, 9954
76, 131, 322, 560, 592, 861, 872, 976, 987, 1022, 1142, 1240, 1360, 1372, 1735, 1746, 1927, 1950, 1966, 1969, 1982, 2036, 2061, 2104, 2166, 2468, 2561, 2639, 2939, 2952, 2984, 3123, 3147, 3215, 3255, 3287, 3365, 3456, 3618, 3726, 3902, 3983, 3995, 4052, 4258, 4346, 4360, 4429, 4461, 4668, 4735, 4738, 4758, 4842, 4887, 4923, 4932, 4981, 5165, 5214, 5249, 5364, 5414, 5641, 5709, 5712, 5760, 5987, 6168, 6582, 6680, 6815, 6867, 7198, 7267, 7797, 7860, 7899, 8019, 8022, 8090, 8150, 8222, 8366, 8376, 8398, 8650, 8715, 8739, 8858, 8859, 8865, 8977, 9155, 9272, 9313, 9317, 9386, 9939, 9968
89, 455, 772, 993, 1156, 1191, 1333, 1377, 1456, 1499, 1528, 1576, 1586, 1624, 1757, 1917, 2097, 2149, 2472, 2520, 2707, 2912, 3086, 3269, 3477, 3513, 3589, 3821, 3851, 3930, 3968, 3971, 4333, 4341, 4596, 4733, 4735, 4741, 4879, 5061, 5077, 5126, 5256, 5359, 5371, 5550, 5678, 5714, 5750, 5863, 5887, 5934, 5946, 5999, 6146, 6205, 6211, 6535, 6564, 6708, 6712, 7025, 7075, 7118, 7154, 7233, 7242, 7274, 7406, 7538, 7579, 7609, 7773, 7827, 7914, 7984, 8082, 8222, 8311, 8348, 8463, 8592, 8600, 8602, 8616, 8702, 8740, 8899, 9042, 9205, 9227, 9271, 9306, 9365, 9451, 9503, 9533, 9630, 9687, 9957
24, 120, 145, 177, 215, 567, 609, 726, 808, 1055, 1126, 1417, 1695, 1749, 1842, 1846, 2008, 2103, 2178, 2221, 2222, 2226, 2267, 2306, 2449, 2466, 2615, 2695, 2828, 2907, 2942, 2970, 3029, 3178, 3194, 3211, 3344, 3461, 3516, 3563, 3694, 3784, 3852, 4195, 4242, 4292, 4366, 4615, 4747, 4916, 5097, 5204, 5364, 5397, 5398, 5639, 5792, 5967, 6130, 6251, 6569, 6682, 6748, 6750, 6797, 6938, 6955, 7028, 7168, 7247, 7250, 7260, 7309, 7328, 7526, 7585, 7600, 7630, 7800, 7808, 7844, 7870, 7886, 8048, 8095, 8099, 8228, 8320, 8358, 8448, 8881, 9099, 9230, 9346, 9538, 9618, 9722, 9747, 9794, 9861
62, 99, 115, 204, 324, 369, 420, 496, 497, 607, 676, 698, 699, 713, 717, 952, 954, 957, 972, 1020, 1040, 1089, 1094, 1214, 1290, 1434, 1478, 1511, 1673, 1811, 1937, 2051, 2168, 2321, 2418, 2533, 2556, 2585, 2826, 2845, 2971, 2974, 3278, 3483, 3503, 3530, 3837, 3873, 3897, 3909, 3986, 3990, 4040, 4192, 4231, 4262, 4280, 4351, 4642, 4736, 5293, 5306, 5448, 5525, 5560, 5795, 5811, 5902, 5943, 6019, 6195, 6358, 6430, 6437, 6542, 6831, 6884, 6919, 7363, 7393, 7549, 7863, 7933, 8040, 8053, 8063, 8182, 8286, 8468, 8525, 8532, 8718, 8794, 8924, 9164, 9236, 9463, 9729, 9914, 9991
188, 192, 208, 209, 324, 354, 392, 717, 776, 972, 981, 991, 1047, 1053, 1088, 1367, 1464, 1645, 1985, 1988, 2113, 2804, 2865, 2988, 3405, 3469, 3526, 3627, 3631, 3737, 3799, 3806, 3901, 3957, 4103, 4218, 4329, 4447, 4749, 4771, 4808, 4823, 4857, 4979, 4980, 5088, 5169, 5187, 5257, 5279, 5518, 5587, 5822, 5852, 5959, 6039, 6045, 6215, 6255, 6380, 6578, 6620, 6698, 6754, 6852, 6860, 6887, 7089, 7352, 7438, 7535, 7737, 7840, 7862, 7872, 7923, 7935, 8033, 8070, 8088, 8091, 8121, 8173, 8209, 8243, 8252, 8325, 8518, 8582, 8760, 8823, 8917, 8943, 9015, 9110, 9117, 9364, 9446, 9623, 9820
79, 82, 139, 167, 233, 586, 639, 652, 653, 741, 795, 905, 950, 988, 1371, 1587, 1688, 1836, 1973, 2181, 2184, 2293, 2739, 2880, 2898, 2945, 2959, 3146, 3184, 3262, 3287, 3358, 3480, 3509, 3627, 3750, 3793, 4068, 4117, 4146, 4147, 4268, 4329, 4350, 4501, 4821, 5026, 5060, 5079, 5349, 5489, 5565, 5634, 5693, 5875, 5936, 5964, 6102, 6164, 6326, 6333, 6424, 6485, 6632, 6636, 6673, 6727, 6797, 6879, 7045, 7048, 7184, 7236, 7355, 7434, 7633, 7766, 8025, 8155, 8249, 8254, 8394, 8505, 8512, 8540, 8597, 8647, 8771, 8825, 8908, 8977, 9157, 9365, 9396, 9419, 9586, 9609, 9698, 9891, 9958
40, 50, 97, 206, 247, 282, 392, 466, 507, 554, 596, 618, 689, 724, 749, 937, 1121, 1159, 1342, 1409, 1470, 1606, 1695, 1972, 2032, 2287, 2476, 2491, 2565, 2616, 2682, 2851, 3117, 3160, 3205, 3213, 3220, 3450, 3725, 3784, 3825, 3934, 4244, 4310, 4339, 4437, 4490, 4594, 4857, 4903, 5205, 5271, 5298, 5335, 5417, 5478, 5604, 5709, 5962, 5978, 6084, 6097, 6397, 6459, 6529, 6539, 6624, 6700, 6733, 6902, 7018, 7129, 7221, 7252, 7282, 7304, 7365, 7416, 7701, 7898, 8014, 8073, 8084, 8144, 8171, 8218, 8552, 8571, 8827, 8857, 8916, 8926, 8940, 9012, 9171, 9197, 9601, 9682, 9698, 9737
23, 255, 340, 560, 574, 710, 962, 1071, 1126, 1191, 1255, 1448, 1551, 1752, 1755, 1831, 1903, 1951, 2083, 2097, 2120, 2126, 2197, 2612, 2676, 2775, 2879, 2885, 3116, 3344, 3383, 3480, 3583, 3601, 3636, 3808, 3902, 3922, 4074, 4099, 4105, 4182, 4206, 4214, 4246, 4324, 4436, 4480, 4525, 4533, 4548, 4594, 4673, 4777, 4804, 4944, 5035, 5084, 5246, 5423, 5460, 5510, 5595, 5867, 6005, 6010, 6463, 6726, 6923, 7030, 7315, 7365, 7400, 7730, 7760, 7797, 7811, 7907, 7910, 8056, 8074, 8124, 8133, 8245, 8321, 8619, 8677, 8687, 8688, 8807, 8808, 9008, 9070, 9145, 9187, 9392, 9631, 9665, 9796, 9873
36, 141, 322, 339, 413, 498, 719, 876, 946, 1084, 1132, 1477, 1523, 1558, 1622, 1649, 1654, 1659, 1841, 1963, 1987, 2016, 2314, 2342, 2491, 2496, 2655, 2660, 2836, 2849, 3008, 3010, 3043, 3285, 3400, 3408, 3502, 3549, 3875, 3918, 4034, 4460, 4512, 4563, 4705, 4735, 4754, 5138, 5265, 5277, 5348, 5474, 5517, 5548, 5549, 5570, 5610, 5613, 5749, 5786, 5830, 5862, 5996, 6015, 6017, 6098, 6282, 6347, 6353, 6393, 6400, 6482, 6602, 6606, 6882, 6910, 6952, 7074, 7430, 7802, 7807, 7825, 7826, 7977, 8020, 8088, 8143, 8157, 8209, 8509, 8722, 8747, 8767, 9327, 9344, 9780, 9820, 9932, 9940, 9988
97, 119, 160, 231, 400, 712, 1138, 1204, 1263, 1304, 1336, 1372, 1425, 1446, 1452, 1789, 1835, 1842, 2244, 2247, 2357, 2418, 2447, 2488, 2499, 2549, 2555, 2567, 2570, 2610, 2675, 2724, 2801, 2838, 2976, 3023, 3439, 3521, 3655, 3669, 3671, 3811, 4373, 4544, 4647, 4681, 4688, 4748, 4951, 4982, 5006, 5066, 5070, 5457, 5539, 5613, 5621, 5668, 5669, 5772, 5838, 5945, 6080, 6118, 6169, 6177, 6242, 6371, 6391, 6516, 6756, 6777, 6841, 7147, 7268, 7399, 7436, 7608, 7692, 7707, 8073, 8236, 8261, 8341, 8402, 8408, 8573, 8639, 8665, 8923, 8977, 8986, 9236, 9301, 9454, 9640, 9647, 9674, 9710, 9902
4, 79, 240, 642, 795, 870, 938, 1162, 1184, 1191, 1318, 1393, 1538, 1575, 1634, 1673, 2210, 2259, 2333, 2450, 2640, 2826, 2856, 2938, 3096, 3108, 3123, 3185, 3203, 3444, 3518, 3616, 3622, 3719, 3732, 3775, 4017, 4161, 4182, 4256, 4299, 4432, 4464, 4498, 4576, 4618, 4721, 4882, 4892, 4930, 4951, 5012, 5135, 5167, 5242, 5504, 5803, 6206, 6268, 6379, 6497, 6532, 6590, 6710, 6733, 6908, 6931, 6978, 7150, 7191, 7275, 7305, 7364, 7414, 7488, 7565, 7723, 7998, 8050, 8059, 8115, 8509, 8976, 8992, 9035, 9054, 9066, 9234, 9257, 9340, 9343, 9428, 9436, 9492, 9617, 9686, 9745, 9762, 9880, 9910
115, 165, 200, 244, 364, 453, 510, 625, 683, 718, 1016, 1028, 1314, 1446, 1612, 1768, 1788, 1902, 1931, 2161, 2297, 2332, 2337, 2350, 2377, 2522, 2621, 2739, 2778, 2976, 3151, 3154, 3267, 3351, 3425, 3579, 3627, 3697, 3783, 4060, 4090, 4585, 4676, 4767, 4890, 4930, 4999, 5522, 5566, 5601, 5654, 5685, 5740, 5820, 5879, 5908, 6012, 6061, 6097, 6126, 6157, 6176, 6180, 6415, 6457, 6636, 6684, 6690, 6772, 6787, 6995, 7277, 7320, 7387, 7394, 7421, 7516, 7614, 7627, 7674, 7732, 7798, 7862, 8168, 8206, 8252, 8292, 8332, 8601, 8774, 8864, 8989, 9095, 9181, 9372, 9442, 9631, 9687, 9833, 9949
44, 45, 264, 305, 351, 577, 737, 1270, 1487, 1907, 1922, 1969, 2283, 2427, 2431, 2557, 2683, 2818, 2842, 2900, 2908, 2973, 3148, 3232, 3268, 3390, 3607, 3621, 3630, 3668, 3850, 3862, 3907, 4042, 4659, 4718, 4928, 4939, 4976, 5071, 5190, 5284, 5364, 5372, 5418, 5448, 5454, 5554, 5684, 5742, 5831, 5886, 5891, 5915, 5930, 5966, 5982, 6026, 6077, 6105, 6113, 6150, 6175, 6253, 6503, 6557, 6592, 6667, 6699, 6710, 6759, 6792, 6836, 6971, 7209, 7508, 7584, 7592, 7679, 8087, 8193, 8483, 8503, 8547, 8559, 8591, 8681, 8760, 8839, 8943, 8991, 9026, 9207, 9326, 9560, 9583, 9793, 9828, 9959, 9969
55, 99, 193, 373, 559, 561, 1005, 1094, 1151, 1207, 1294, 1554, 1570, 1833, 2221, 2322, 2349, 2360, 2374, 2716, 2760, 2814, 2822, 2905, 3144, 3204, 3276, 3347, 3483, 3503, 3513, 3666, 3747, 3985, 3990, 4013, 4266, 4317, 4411, 4412, 4471, 4504, 4658, 4712, 4739, 4817, 4934, 4982, 5037, 5059, 5137, 5361, 5395, 5475, 5730, 6430, 6438, 6562, 6674, 6722, 6733, 6788, 6804, 6948, 7199, 7271, 7305, 7339, 7513, 7581, 7689, 7831, 7904, 7939, 7943, 8003, 8018, 8046, 8184, 8192, 8233, 8430, 8463, 8682, 8858, 8868, 9107, 9271, 9320, 9394, 9442, 9493, 9515, 9551, 9569, 9625, 9635, 9677, 9922, 9997
125, 194, 292, 425, 526, 709, 720, 807, 854, 866, 978, 1036, 1091, 1273, 1336, 1355, 1460, 1534, 1640, 1847, 1849, 1872, 1879, 1964, 2009, 2139, 2148, 2154, 2330, 2372, 2748, 2772, 2778, 2902, 3065, 3341, 3373, 3430, 3596, 3650, 3717, 3774, 3903, 3911, 3962, 3982, 4058, 4235, 4344, 4359, 4479, 4545, 4790, 4794, 4995, 5170, 5258, 5305, 5316, 5355, 5367, 5407, 5452, 5631, 5657, 5803, 5825, 5875, 6232, 6430, 6500, 6579, 6697, 6731, 6849, 7086, 7148, 7604, 7641, 7778, 7811, 7814, 7815, 7866, 8098, 8129, 8506, 8546, 8849, 8881, 8935, 8964, 9041, 9182, 9243, 9265, 9461, 9573, 9688, 9857
90, 134, 170, 180, 242, 263, 274, 385, 535, 625, 672, 697, 707, 880, 906, 963, 1015, 1050, 1052, 1234, 1279, 1292, 1316, 1411, 1682, 1825, 2664, 2828, 2941, 2956, 2977, 3065, 3133, 3204, 3539, 3697, 3853, 3880, 3932, 4174, 4238, 4244, 4320, 4339, 4348, 4365, 4405, 4476, 4481, 4615, 4633, 4776, 4836, 4915, 5127, 5171, 5507, 5528, 5565, 5613, 5797, 5827, 6050, 6159, 6238, 6281, 6438, 6520, 6595, 6642, 6665, 6714, 7002, 7035, 7100, 7204, 7324, 7388, 7414, 7434, 7465, 7698, 7906, 8317, 8398, 8502, 8610, 8722, 8727, 8937, 8940, 9006, 9233, 9238, 9244, 9262, 9352, 9473, 9492, 9855
244, 528, 553, 617, 634, 769, 817, 888, 929, 997, 1103, 1151, 1175, 1510, 1565, 1627, 1661, 1765, 1794, 1819, 2072, 2136, 2166, 2260, 2338, 2669, 2738, 2824, 2965, 2971, 3056, 3122, 3692, 3727, 3767, 4034, 4153, 4177, 4338, 4505, 4553, 5078, 5183, 5272, 5294, 5353, 5396, 5519, 5571, 5578, 5667, 5702, 5733, 5740, 5787, 5849, 5961, 6034, 6040, 6097, 6201, 6216, 6335, 6523, 6820, 6882, 6962, 7029, 7094, 7200, 7255, 7464, 7512, 7590, 7657, 7892, 7893, 7919, 8078, 8089, 8095, 8181, 8226, 8257, 8265, 8374, 8498, 8759, 8773, 9003, 9015, 9169, 9223, 9289, 9455, 9467, 9601, 9633, 9808, 9989
14, 114, 215, 275, 302, 492, 648, 725, 803, 1032, 1114, 1217, 1346, 1417, 1436, 1680, 1851, 1912, 2072, 2292, 2342, 2367, 2406, 2564, 2687, 3012, 3029, 3073, 3087, 3122, 3284, 3549, 3760, 3788, 3796, 3816, 3894, 4114, 4147, 4189, 4190, 4390, 4526, 4528, 4552, 4564, 4654, 4711, 4859, 4870, 5180, 5220, 5489, 5635, 5712, 5714, 5928, 5936, 6119, 6121, 6679, 6741, 6780, 6813, 7220, 7234, 7600, 7613, 7638, 7696, 7780, 7805, 7843, 7851, 8149, 8216, 8270, 8272, 8420, 8448, 8599, 8614, 8629, 8876, 8888, 8929, 9042, 9115, 9118, 9124, 9213, 9386, 9403, 9574, 9689, 9777, 9852, 9941, 9943, 9963
198, 521, 570, 790, 821, 944, 985, 995, 1181, 1329, 1408, 1443, 1551, 1703, 1723, 1748, 1909, 1973, 1976, 2008, 2024, 2102, 2215, 2399, 2836, 2838, 2848, 3019, 3106, 3311, 3338, 3359, 3440, 3538, 3643, 3740, 3890, 4042, 4074, 4168, 4182, 4217, 4461, 4513, 4705, 4747, 4763, 4784, 4794, 4815, 4820, 4824, 4872, 4925, 5086, 5329, 5366, 5389, 5540, 5658, 5728, 5794, 5798, 6043, 6340, 6367, 6380, 6392, 6421, 6545, 6672, 6673, 6789, 6907, 7038, 7049, 7109, 7140, 7185, 7300, 7329, 7420, 7508, 7544, 7597, 7716, 8063, 8078, 8689, 8747, 8770, 8852, 8881, 9019, 9034, 9377, 9517, 9636, 9845, 9871
18, 263, 297, 395, 442, 448, 731, 875, 912, 941, 947, 1021, 1147, 1191, 1506, 1537, 1542, 1751, 1871, 2008, 2321, 2401, 2552, 2754, 2839, 3071, 3161, 3270, 3343, 3364, 3423, 3563, 3626, 3657, 3660, 3687, 3703, 3723, 3870, 3971, 4058, 4196, 4369, 4403, 4442, 4735, 4774, 4790, 4831, 5040, 5093, 5258, 5330, 5359, 5409, 5457, 5476, 5538, 5658, 5849, 6062, 6190, 6267, 6323, 6410, 6762, 6763, 6804, 6823, 6931, 6959, 7262, 7277, 7295, 7788, 7868, 7933, 8052, 8077, 8088, 8137, 8141, 8177, 8279, 8376, 8511, 8596, 8615, 8755, 8784, 8817, 8899, 9023, 9092, 9403, 9555, 9609, 9860, 9872, 9878
219, 537, 659, 755, 992, 1031, 1414, 1503, 1528, 1547, 1644, 1657, 1772, 1789, 1955, 1978, 1995, 2039, 2168, 2198, 2382, 2694, 2724, 2742, 2753, 2778, 3288, 3359, 3382, 3517, 3544, 3569, 3619, 3631, 3665, 3697, 3781, 3908, 3931, 3947, 3989, 4024, 4156, 4478, 4495, 4646, 4727, 4809, 5052, 5066, 5082, 5089, 5140, 5318, 5335, 5466, 5490, 5499, 5540, 5631, 5747, 5778, 5850, 5979, 6041, 6195, 6471, 6502, 6560, 6570, 6574, 6635, 6685, 6863, 6869, 6961, 7010, 7456, 7575, 7768, 7843, 7857, 7865, 7924, 7988, 8068, 8213, 8463, 8586, 8603, 8615, 8798, 8808, 8924, 9011, 9040, 9218, 9650, 9764, 9986
48, 298, 513, 560, 593, 665, 698, 830, 926, 1023, 1194, 1236, 1369, 1436, 1514, 1630, 1646, 1688, 1718, 1824, 2018, 2059, 2170, 2254, 2438, 2501, 2543, 2668, 2685, 2705, 2947, 2961, 2966, 3031, 3104, 3240, 3481, 3574, 3579, 3591, 3636, 3688, 3913, 3925, 4078, 4241, 4645, 4677, 4688, 4791, 4960, 5124, 5285, 5384, 5598, 5666, 5688, 5790, 5909, 5947, 6010, 6121, 6216, 6342, 6360, 6479, 6490, 6832, 6841, 6887, 7001, 7056, 7254, 7348, 7427, 7436, 7538, 7943, 7975, 8067, 8117, 8173, 8211, 8340, 8444, 8794, 9036, 9171, 9270, 9295, 9311, 9353, 9402, 9498, 9561, 9630, 9660, 9677, 9681, 9935
17, 160, 908, 1056, 1078, 1093, 1283, 1321, 1357, 1470, 1502, 1547, 1550, 1552, 1579, 1587, 1987, 2107, 2212, 2396, 2494, 2542, 2559, 2561, 2857, 2910, 2951, 2964, 2967, 3011, 3021, 3049, 3059, 3169, 3183, 3213, 3382, 3439, 3723, 3923, 4127, 4153, 4605, 4607, 4731, 4790, 4834, 4940, 4951, 4954, 4969, 4996, 5062, 5140, 5177, 5444, 5451, 5597, 5729, 5763, 5875, 5917, 6108, 6144, 6253, 6397, 6479, 6553, 6641, 6653, 6862, 6963, 7073, 7377, 7448, 7555, 7657, 7827, 7901, 7928, 7950, 8006, 8064, 8176, 8205, 8236, 8286, 8390, 8595, 8718, 8826, 8981, 9003, 9010, 9110, 9251, 9261, 9527, 9588, 9994
6, 485, 797, 912, 927, 936, 979, 1088, 1238, 1322, 1327, 1491, 1573, 1702, 1784, 1788, 1854, 1883, 1959, 2042, 2221, 2330, 2363, 2476, 2503, 2520, 2567, 2587, 2636, 2745, 2971, 3014, 3394, 3471, 3485, 3577, 3696, 3725, 3794, 3846, 3968, 3977, 4008, 4326, 4494, 4579, 4631, 4748, 4874, 5089, 5207, 5238, 5315, 5383, 5408, 5479, 5572, 5704, 5777, 5832, 5849, 5994, 6015, 6222, 6248, 6251, 6444, 6685, 6839, 7030, 7048, 7222, 7282, 7345, 7519, 7533, 7658, 7776, 7798, 7910, 8072, 8213, 8323, 8404, 8442, 8443, 8466, 8557, 8613, 8664, 8776, 9000, 9004, 9058, 9330, 9346, 9416, 9643, 9721, 9828
23, 42, 273, 336, 487, 783, 1022, 1469, 1593, 1653, 1688, 1753, 1818, 1861, 1944, 2073, 2088, 2118, 2356, 2408, 2423, 2711, 2769, 2845, 2937, 3114, 3290, 3484, 3620, 3665, 3694, 3730, 3735, 3830, 4339, 4404, 4517, 4546, 4548, 4568, 4651, 4810, 4895, 5048, 5149, 5162, 5177, 5259, 5356, 5436, 5501, 5549, 5644, 6004, 6019, 6180, 6190, 6192, 6310, 6425, 6482, 6535, 6672, 7040, 7109, 7223, 7244, 7303, 7314, 7406, 7485, 7506, 7528, 7690, 7739, 7860, 7967, 8070, 8282, 8303, 8314, 8392, 8393, 8444, 8577, 8664, 8705, 8838, 8878, 9004, 9037, 9129, 9241, 9347, 9424, 9568, 9722, 9838, 9871, 9919
26, 77, 89, 124, 369, 385, 408, 637, 779, 845, 1108, 1114, 1212, 1510, 1564, 1652, 1670, 1732, 1903, 2019, 2021, 2030, 2115, 2325, 2422, 2551, 2588, 2722, 2878, 2896, 3060, 3271, 3313, 3373, 3626, 3652, 3928, 4296, 4309, 4391, 4400, 4606, 4648, 4770, 4791, 4905, 5367, 5485, 5551, 5587, 5614, 5926, 6017, 6081, 6090, 6228, 6271, 6435, 6460, 6585, 6825, 6861, 6897, 6909, 6925, 6931, 7043, 7488, 7692, 7855, 7877, 7930, 7989, 8029, 8103, 8140, 8209, 8215, 8236, 8329, 8381, 8386, 8446, 8539, 8717, 8729, 8778, 9025, 9084, 9174, 9182, 9243, 9333, 9358, 9509, 9549, 9565, 9634, 9762, 9986
294, 364, 414, 435, 439, 446, 461, 479, 864, 970, 1023, 1050, 1094, 1202, 1216, 1344, 1433, 1473, 1474, 1753, 1867, 2162, 2297, 2326, 2345, 2374, 2720, 2759, 3189, 3361, 3449, 3508, 3707, 3915, 3957, 3969, 3988, 4595, 4605, 4741, 4791, 4818, 4929, 4978, 5083, 5135, 5168, 5226, 5448, 5575, 5597, 5598, 5707, 5949, 6246, 6370, 6492, 6532, 6712, 6737, 6761, 6881, 6886, 6966, 7001, 7044, 7137, 7176, 7197, 7227, 7332, 7479, 7496, 7543, 7617, 7629, 7733, 8031, 8220, 8256, 8291, 8314, 8396, 8448, 8736, 8972, 9039, 9168, 9213, 9217, 9224, 9285, 9364, 9598, 9719, 9753, 9773, 9782, 9903, 9923
