12, 76, 85, 116, 144, 149, 156, 253, 256, 318, 336, 338, 393, 419, 456, 494, 634, 642, 671, 682, 703, 729, 773, 795, 840, 847, 864, 883, 940, 1001, 1005, 1009
92, 118, 121, 149, 168, 204, 224, 255, 290, 384, 407, 445, 448, 451, 456, 505, 537, 546, 564, 576, 611, 647, 651, 660, 722, 802, 879, 919, 935, 943, 949, 960
9, 81, 99, 135, 143, 146, 197, 253, 286, 296, 321, 358, 393, 404, 407, 459, 480, 491, 524, 551, 561, 566, 588, 614, 682, 795, 830, 840, 883, 894, 1000, 1006
112, 122, 188, 197, 255, 277, 316, 333, 365, 462, 493, 571, 588, 609, 620, 632, 644, 659, 667, 684, 705, 707, 735, 795, 802, 820, 838, 941, 944, 969, 985, 991
26, 80, 83, 105, 118, 139, 208, 210, 252, 255, 350, 352, 366, 378, 453, 460, 580, 583, 593, 597, 650, 693, 727, 765, 768, 850, 859, 902, 904, 999, 1010, 1017
40, 172, 188, 202, 285, 292, 327, 338, 354, 374, 454, 520, 524, 569, 570, 612, 623, 641, 683, 691, 699, 725, 727, 785, 853, 871, 891, 970, 973, 979, 991, 1010
57, 68, 83, 117, 168, 177, 245, 324, 326, 349, 362, 381, 389, 438, 454, 483, 525, 555, 578, 630, 631, 633, 683, 697, 734, 837, 857, 904, 932, 974, 1019, 1020
70, 113, 120, 122, 169, 211, 232, 266, 293, 316, 320, 350, 378, 387, 419, 423, 444, 446, 472, 539, 543, 547, 566, 571, 611, 614, 627, 820, 854, 859, 974, 1023
10, 17, 39, 84, 95, 165, 175, 264, 311, 325, 364, 368, 378, 425, 426, 461, 518, 583, 641, 666, 680, 681, 684, 694, 720, 728, 734, 775, 816, 819, 827, 977
12, 63, 65, 142, 159, 175, 191, 206, 267, 293, 362, 384, 408, 409, 447, 455, 489, 505, 513, 535, 538, 578, 597, 603, 636, 685, 729, 744, 882, 911, 967, 1009
11, 67, 102, 106, 109, 148, 198, 247, 286, 311, 323, 340, 415, 440, 445, 514, 521, 600, 625, 627, 640, 665, 713, 765, 811, 821, 854, 866, 885, 908, 913, 979
31, 35, 70, 77, 154, 155, 184, 211, 253, 256, 285, 337, 348, 391, 411, 441, 464, 479, 491, 594, 667, 668, 734, 743, 775, 786, 810, 811, 876, 906, 991, 1013
22, 42, 61, 96, 104, 143, 165, 198, 223, 267, 280, 319, 357, 428, 473, 489, 534, 547, 565, 567, 726, 772, 832, 901, 911, 931, 932, 934, 936, 982, 1003, 1016
20, 52, 102, 119, 214, 225, 258, 279, 280, 287, 410, 479, 488, 525, 534, 543, 583, 614, 685, 689, 736, 744, 755, 763, 833, 839, 883, 951, 966, 973, 978, 990
68, 73, 179, 183, 228, 234, 239, 274, 276, 316, 336, 430, 445, 447, 453, 476, 501, 535, 549, 609, 674, 685, 690, 781, 801, 855, 879, 944, 962, 982, 983, 994
40, 53, 56, 68, 152, 156, 170, 186, 292, 303, 320, 361, 397, 398, 458, 474, 618, 645, 727, 740, 745, 747, 843, 844, 868, 888, 919, 933, 955, 972, 979, 1010
57, 88, 129, 166, 286, 313, 360, 404, 421, 470, 517, 578, 590, 608, 636, 668, 669, 682, 698, 700, 703, 705, 720, 735, 759, 785, 820, 865, 872, 877, 955, 969
75, 179, 187, 210, 240, 269, 281, 298, 308, 312, 313, 323, 375, 421, 486, 513, 537, 539, 544, 556, 564, 588, 590, 599, 695, 764, 782, 798, 844, 877, 937, 960
2, 18, 19, 76, 94, 98, 117, 140, 199, 217, 230, 300, 333, 343, 370, 384, 397, 434, 455, 496, 500, 550, 564, 571, 585, 635, 646, 703, 797, 815, 978, 988
58, 96, 123, 187, 250, 310, 330, 357, 371, 428, 447, 451, 462, 481, 511, 579, 582, 640, 657, 686, 689, 731, 762, 763, 777, 797, 826, 870, 908, 909, 911, 1009
44, 47, 58, 81, 87, 178, 181, 215, 238, 310, 316, 345, 396, 443, 466, 480, 493, 515, 542, 553, 567, 629, 635, 651, 671, 717, 718, 765, 850, 894, 925, 932
133, 154, 159, 168, 181, 216, 232, 242, 244, 245, 247, 302, 328, 360, 380, 479, 531, 575, 612, 660, 706, 713, 725, 736, 758, 795, 816, 849, 880, 895, 903, 980
9, 73, 89, 97, 176, 190, 242, 270, 285, 351, 358, 415, 429, 455, 468, 494, 510, 527, 531, 532, 541, 594, 600, 626, 629, 677, 690, 731, 760, 793, 955, 957
50, 101, 180, 197, 203, 217, 261, 332, 344, 351, 421, 457, 474, 480, 496, 561, 611, 623, 664, 697, 728, 735, 752, 781, 795, 803, 827, 843, 857, 872, 887, 906
22, 55, 101, 105, 108, 124, 128, 193, 199, 207, 221, 223, 272, 399, 414, 426, 459, 593, 621, 626, 629, 657, 733, 745, 767, 789, 807, 817, 829, 961, 974, 1024
8, 42, 78, 87, 100, 111, 113, 117, 128, 156, 159, 199, 222, 228, 336, 407, 424, 453, 464, 502, 525, 527, 539, 592, 665, 686, 699, 724, 735, 764, 843, 1015
40, 43, 117, 125, 152, 282, 295, 324, 346, 376, 379, 427, 431, 461, 486, 515, 522, 549, 550, 582, 670, 671, 707, 718, 734, 767, 777, 827, 872, 950, 974, 1018
4, 34, 81, 97, 107, 143, 170, 210, 215, 282, 313, 329, 339, 375, 382, 427, 432, 450, 477, 503, 549, 605, 616, 629, 656, 758, 771, 807, 828, 839, 888, 1022
50, 52, 63, 84, 107, 133, 170, 250, 289, 298, 326, 337, 341, 353, 411, 457, 474, 479, 496, 600, 669, 728, 733, 777, 850, 886, 893, 911, 924, 940, 941, 998
19, 43, 65, 81, 118, 124, 133, 172, 210, 223, 235, 379, 437, 442, 467, 510, 517, 603, 707, 712, 715, 744, 849, 856, 914, 919, 941, 957, 982, 990, 1006, 1021
52, 76, 125, 130, 147, 253, 281, 347, 378, 415, 420, 446, 462, 494, 543, 559, 572, 580, 583, 670, 674, 708, 725, 761, 773, 820, 867, 895, 929, 939, 973, 1014
28, 53, 67, 85, 120, 123, 193, 279, 320, 344, 360, 363, 371, 412, 419, 443, 506, 523, 562, 600, 617, 634, 642, 649, 735, 792, 822, 896, 899, 967, 975, 1017
