87 103 110 148 207 229 233 251 259 287 316 319 361 419 433 475 535 536 542 553 555 607 609 620 624
17 29 34 44 45 49 57 63 74 85 149 170 222 227 240 268 294 372 391 439 442 481 532 545 549
18 29 108 168 174 226 260 262 268 311 334 336 423 449 451 475 490 491 520 541 559 576 590 601 607
33 57 69 75 105 134 154 211 228 287 296 335 336 350 359 367 448 454 475 493 497 498 530 544 569
14 45 78 89 93 119 155 160 202 237 271 373 376 398 400 460 466 494 504 568 585 614 619 622 625
15 26 28 56 60 71 82 91 135 164 187 252 259 271 286 299 312 389 406 472 479 557 571 577 617
38 119 124 148 166 253 258 272 274 374 375 384 427 464 466 485 491 505 513 524 533 589 593 613 623
32 36 52 84 89 103 127 128 132 136 162 266 271 344 364 375 382 420 427 438 558 565 595 620 624
3 36 45 96 119 194 204 232 352 361 377 406 421 434 450 498 510 514 524 525 531 534 551 561 608
3 4 76 89 224 231 246 266 269 290 298 330 334 335 379 406 408 433 439 454 505 514 539 566 574
2 6 55 56 57 64 113 167 174 203 227 238 257 264 265 354 361 418 423 425 452 479 534 546 559
7 52 57 98 161 211 255 257 267 276 286 320 383 389 425 487 489 504 511 521 561 570 578 581 625
1 13 34 80 92 124 135 188 193 203 213 221 259 347 409 418 427 437 439 473 481 537 564 605 622
25 67 70 71 85 123 129 140 145 198 208 212 238 242 245 264 267 269 277 299 357 450 485 503 513
65 108 113 115 126 142 248 278 286 304 305 306 323 325 361 384 423 441 478 498 555 567 571 590 594
23 83 105 123 129 133 217 218 231 251 337 353 364 374 412 428 442 456 462 464 466 513 539 578 625
8 26 27 47 59 137 140 158 263 292 309 349 367 390 391 400 453 481 494 535 542 547 561 567 578
44 46 47 58 64 67 77 98 105 113 118 251 256 326 351 356 370 410 412 433 533 537 607 616 622
24 30 104 161 165 243 257 323 328 349 365 448 453 460 471 478 492 511 515 551 570 590 602 610 623
16 38 66 72 82 107 129 139 183 224 236 241 290 318 345 362 430 451 488 515 518 555 563 572 609
1 9 21 65 103 116 131 171 183 189 212 219 268 285 376 413 437 457 503 523 538 543 544 575 578
9 26 48 49 86 95 96 98 171 176 191 195 221 264 269 274 287 292 360 375 403 423 530 593 600
5 6 36 132 162 196 234 242 246 287 303 308 322 350 383 391 393 422 440 465 483 487 494 585 591
13 44 46 61 79 130 139 182 190 230 271 314 328 345 367 376 393 426 466 537 554 597 599 604 608
31 83 101 123 144 154 158 161 188 202 218 233 266 269 278 305 320 323 379 411 413 448 506 539 595
